# Th basis (14s)/[6s] for Th ECP60MWB
Th    S
12059.385000  0.000195 -0.000187  0.000082 -0.000182  0.000337 -0.000778
 1804.868300  0.001577 -0.001548  0.000681 -0.001514  0.002647 -0.006151
  343.638660  0.005956 -0.005570  0.002427 -0.005410  0.010779 -0.024665
   93.697058 -0.001383 -0.004234  0.002277 -0.005089 -0.008311  0.012601
   54.644946  0.040305 -0.007929  0.001359 -0.001867  0.070772 -0.130350
   31.908148 -0.215033  0.082052 -0.028051  0.052092 -0.225525  0.402268
   18.614193  0.706484 -0.349751  0.132290 -0.256114  0.592767 -1.073325
    9.396094 -1.257917  0.735973 -0.289126  0.577351 -1.121257  2.167629
    2.574505  1.047047 -1.000172  0.415598 -0.971450  2.765755 -7.874004
    1.385010  0.429192 -0.420465  0.223958 -0.393530 -1.966130 11.211078
    0.551626  0.019360  0.938308 -0.637133  2.666812 -1.968985 -8.694019
    0.253889 -0.001465  0.491304 -0.354875 -1.835354  3.186999  4.828915
    0.055697  0.000010  0.061036  0.861640 -1.045322 -2.827302 -1.817855
    0.022896 -0.000235  0.016724  0.360489  1.390356  1.834238  0.909799
Th    P
 2892.296100  0.000039 -0.000026  0.000021 -0.000032 -0.000011 -0.000012
  641.429900  0.000362 -0.000204  0.000151 -0.000304  0.001074 -0.001436
  220.266860  0.001338 -0.000937  0.000743 -0.001106 -0.001168  0.000469
   80.409296  0.005257 -0.002903  0.002119 -0.004396  0.017261 -0.022635
   23.959810  0.003058 -0.008512  0.007911 -0.007900 -0.088792  0.085315
   13.996280  0.108958 -0.035833  0.021965 -0.056819  0.407000 -0.447935
    8.167599 -0.410395  0.202884 -0.148842  0.300188 -0.987636  1.268338
    3.549431  0.466948 -0.348060  0.280219 -0.651996  2.350009 -3.813081
    1.758697  0.697760 -0.431911  0.360914 -0.417086 -2.043841  4.644272
    0.648026  0.099587  0.475594 -0.811631  2.193565  0.141455 -3.872853
    0.283508 -0.013099  0.655818 -0.182633 -2.126177  1.204175  2.967569
    0.099271  0.004174  0.108260  0.943455  0.448018 -1.617430 -1.650542
    0.029845 -0.001080 -0.004382  0.214912  0.541948  1.152062  0.776467
Th    D
  448.434670 -0.000007 -0.000012  0.000065 -0.000078  0.000172
  150.896260  0.000219  0.000007 -0.000248  0.000603 -0.001357
   59.709161 -0.000113 -0.000239  0.001236 -0.001284  0.002530
   17.028656  0.028374 -0.007195  0.007312  0.033049 -0.069390
    9.919828 -0.129626  0.039562 -0.061906 -0.136057  0.309787
    3.281265  0.453420 -0.167824  0.298707  0.700028 -2.296037
    1.592746  0.528634 -0.209622  0.525392 -0.057446  3.363746
    0.704192  0.164775  0.178257 -1.059934 -1.254030 -2.325884
    0.254797  0.004871  0.603648 -0.119924  1.565654  1.102399
    0.082776  0.000824  0.433378  0.761571 -0.944514 -0.419684
Th    F
   84.570931  0.000157 -0.000345 -0.000250  0.000598
   24.472376  0.001710  0.000074 -0.003531 -0.011702
   11.261771 -0.001029 -0.004296  0.003448  0.027775
    3.447494  0.168891 -0.138832 -0.367888 -0.628522
    1.539153  0.342439 -0.393619 -0.601108  0.176189
    0.646868  0.397229 -0.290124  0.996773  0.764008
    0.248475  0.314808  0.676791  0.000362 -1.189295
    0.081247  0.172299  0.388145 -0.538829  0.934512
Th    G
   84.570931  0.000233  0.001449  0.000218
   24.472376  0.000016 -0.004442  0.025114
   11.261771  0.014242  0.077790  0.076145
    3.447494  0.034212  0.123097  1.149109
    1.539153  0.152870  0.956709 -1.156840
    0.646868  0.738770 -0.756804  0.487185
# Pa basis (14s)/[6s] for Pa ECP60MWB
Pa    S
12047.3760000   0.000345  -0.000562   0.000299  -0.001058  -0.001384  -0.003268
 1811.6841000   0.002742  -0.004541   0.002419  -0.008525  -0.011010  -0.026228
  347.7010400   0.010053  -0.016083   0.008559  -0.030485  -0.040650  -0.094797
   98.6780100  -0.002084  -0.008221   0.004758  -0.013346  -0.001522  -0.030636
   57.5073760   0.051528  -0.017346   0.006494  -0.033086  -0.102865  -0.132034
   33.5026010  -0.236924   0.096140  -0.035482   0.121527   0.272516   0.361972
   19.5544510   0.719048  -0.356877   0.136780  -0.394755  -0.620208  -0.966749
    9.7164210  -1.266092   0.737338  -0.289632   0.816327   1.116784   2.012987
    2.6920960   1.053190  -1.005685   0.420549  -1.571996  -2.966695  -7.552963
    1.4538470   0.430426  -0.397532   0.191156   0.092864   2.630834  10.799487
    0.5743520   0.020781   0.907908  -0.557678   2.903819   0.889820  -8.508476
    0.2634680  -0.001739   0.494794  -0.397519  -2.326460  -2.435459   4.840208
    0.0565570   0.000231   0.070143   0.785180  -0.530833   2.827250  -1.916969
    0.0231690  -0.000270   0.028533   0.431403   0.999237  -1.985493   0.995102
Pa    P
 2903.3676000   0.000035  -0.000022   0.000017  -0.000022  -0.000020  -0.000019
  644.8635600   0.000205  -0.000111   0.000091  -0.000215   0.000921  -0.000852
  220.2589600   0.001251  -0.000801   0.000611  -0.000738  -0.001457  -0.000192
   80.2764010   0.002457  -0.001248   0.001046  -0.002822   0.014551  -0.012572
   24.0802110   0.011190  -0.011780   0.009056  -0.005631  -0.085426   0.034417
   14.0775800   0.088287  -0.023729   0.018116  -0.059983   0.398159  -0.268156
    8.2658460  -0.437919   0.212282  -0.168024   0.336478  -1.042705   1.044044
    3.5948000   0.566026  -0.398846   0.341933  -0.758696   2.540074  -3.488137
    1.7531110   0.642878  -0.387966   0.318765  -0.252734  -2.339274   4.457355
    0.6577670   0.079788   0.506942  -0.872996   2.027236   0.431424  -3.924237
    0.2846390  -0.008632   0.632429  -0.077782  -2.018719   1.030781   3.088817
    0.1005430   0.003030   0.102887   0.877738   0.407137  -1.544360  -1.781944
    0.0301900  -0.000760  -0.003297   0.242289   0.579645   1.090596   0.828184
Pa    D
  448.1499100   0.000026  -0.000026   0.000093  -0.000079   0.000165
  154.4614500   0.000228   0.000012  -0.000275   0.000757  -0.001581
   60.9253770   0.000904  -0.000636   0.001947  -0.000905   0.001748
   17.0320910   0.025647  -0.005987   0.003876   0.036575  -0.075490
   10.0188770  -0.105751   0.030791  -0.041735  -0.131056   0.296915
    3.4091930   0.447432  -0.168433   0.271687   0.732955  -2.301732
    1.6702130   0.522852  -0.206084   0.531698  -0.094380   3.387979
    0.7410950   0.168598   0.186790  -1.024168  -1.214418  -2.305764
    0.2613930   0.005573   0.598526  -0.158486   1.496278   1.067304
    0.0828110   0.000231   0.439167   0.777626  -0.893012  -0.412148
Pa    F
   87.9913270   0.000226  -0.000370   0.000660  -0.000479
   28.3401950   0.002323  -0.001634   0.002102   0.009985
   12.4409940   0.004585  -0.007880   0.013280  -0.014104
    3.9572960   0.156961  -0.168253   0.283820   0.475996
    1.8759440   0.344977  -0.372875   0.677763   0.161043
    0.8275890   0.400573  -0.190315  -0.891219  -1.250898
    0.3327480   0.305573   0.501246  -0.213899   1.478948
    0.1146850   0.139256   0.544479   0.661085  -0.880560
Pa    G         
   87.9913270   0.000282   0.001875  -0.001008
   28.3401950   0.002212  -0.001053   0.032456
   12.4409940   0.024241   0.103210   0.059285
    3.9572960   0.116680   0.268974   1.397999
    1.8759440   0.143956   0.960556  -1.634532
    0.8275890   0.855043  -0.888556   0.702021
# U basis (14s)/[6s] for U ECP60MWB
U    S
12098.0820000   0.000102  -0.000073   0.000030  -0.000088  -0.000114  -0.000229
 1833.7573000   0.000771  -0.000585   0.000240  -0.000678  -0.000738  -0.001641
  351.6863200   0.002969  -0.001959   0.000785  -0.002522  -0.004043  -0.007185
  104.3142600  -0.006211  -0.000012   0.000287   0.002679   0.018394   0.018320
   60.9058220   0.049868  -0.013448   0.004157  -0.024265  -0.086038  -0.099279
   35.5150860  -0.245313   0.099697  -0.036385   0.123707   0.261212   0.356605
   20.8912270   0.723847  -0.360001   0.137908  -0.404005  -0.606809  -0.994643
   10.1846470  -1.275679   0.744730  -0.292982   0.846070   1.124903   2.136601
    2.8518510   1.059485  -0.997636   0.414321  -1.601404  -2.941045  -7.836044
    1.5316160   0.433822  -0.419839   0.203687   0.067563   2.554532  11.175771
    0.6162030   0.020513   0.895574  -0.537368   2.899993   0.923152  -8.603045
    0.2794940  -0.001393   0.513487  -0.413509  -2.271008  -2.377429   4.673228
    0.0572530   0.000158   0.076261   0.781181  -0.550854   2.758635  -1.803517
    0.0234430  -0.000249   0.031328   0.427012   0.995432  -1.972416   0.952146
U    P
 2906.8451000   0.000088  -0.000062   0.000050  -0.000075   0.000105   0.000209
  694.4005300   0.000732  -0.000483   0.000410  -0.000735   0.001625   0.001219
  224.6347900   0.003414  -0.002439   0.001944  -0.002908   0.003943   0.008330
   80.5205260   0.011099  -0.007289   0.006246  -0.011447   0.026474   0.017507
   24.0802110   0.025216  -0.024765   0.018493  -0.020317  -0.011723   0.133979
   14.0775800   0.065498  -0.003763   0.007595  -0.041368   0.209923  -0.252534
    8.2658460  -0.345866   0.154602  -0.135343   0.269041  -0.675223  -0.013380
    3.4236070   0.591992  -0.456695   0.434006  -0.930110   2.619372   2.195258
    1.7084170   0.577259  -0.298822   0.194559   0.130735  -3.039734  -3.621279
    0.6550460   0.069031   0.548614  -0.928222   1.774446   1.350419   3.756886
    0.2837550  -0.006473   0.589418   0.057566  -2.028578   0.297678  -3.253609
    0.1018140   0.002386   0.091160   0.840668   0.540818  -1.187432   2.050183
    0.0305350  -0.000585  -0.002471   0.220739   0.532580   0.966922  -0.999007
U    D
  449.0195300   0.000050  -0.000038   0.000117  -0.000052   0.000020
  156.3569500   0.000322  -0.000016  -0.000233   0.000855  -0.001364
   60.2424390   0.001777  -0.001023   0.002745   0.000047  -0.002007
   17.7723170   0.025385  -0.005885   0.003106   0.036725  -0.062674
   10.4543040  -0.089378   0.025131  -0.029288  -0.114727   0.225840
    3.5834330   0.444799  -0.172251   0.272267   0.751873  -2.229532
    1.7637240   0.518708  -0.203499   0.511709  -0.136242   3.362914
    0.7840300   0.168401   0.192870  -1.002399  -1.186872  -2.316753
    0.2761270   0.005857   0.597981  -0.168866   1.475542   1.076470
    0.0869800   0.000229   0.436379   0.786778  -0.876782  -0.415685
U    F
  105.2879300   0.000228  -0.000323   0.000786  -0.000036
   35.1011810   0.002308  -0.002012   0.001284   0.007211
   14.5641380   0.009253  -0.011679   0.023812   0.004600
    4.6518850   0.136949  -0.150541   0.214540   0.395670
    2.2559730   0.339801  -0.367449   0.699799   0.415338
    1.0102740   0.409850  -0.205710  -0.740203  -1.503850
    0.4116800   0.308893   0.476566  -0.405515   1.540516
    0.1441200   0.132122   0.573731   0.752355  -0.826055
U    G        
  105.2879300   0.000137   0.001309  -0.001022
   35.1011810   0.001831  -0.001612   0.024206
   14.5641380   0.019940   0.079733   0.064574
    4.6518850   0.110758   0.183008   1.286462
    2.2559730   0.092769   0.766620  -1.514020
    1.0102740   0.665447  -0.709213   0.631403
# Np basis (14s)/[6s] for Np ECP60MWB
Np   S 
12608.7120000  0.000283 -0.000355  0.000167 -0.000566 -0.000750 -0.001697
 1860.7357000  0.002197 -0.002818  0.001329 -0.004466 -0.005789 -0.013396
  362.9014700  0.007792 -0.009411  0.004419 -0.015248 -0.020977 -0.045771
  109.2067200 -0.006711 -0.001626  0.001160  0.000207  0.014123 -0.001187
   63.7434260  0.060657 -0.021615  0.007854 -0.039212 -0.101850 -0.099437
   37.2488640 -0.256338  0.107688 -0.040229  0.141605  0.275042  0.313062
   21.6917530  0.728259 -0.365024  0.141229 -0.421420 -0.618707 -0.910456
   10.5354930 -1.282442  0.753866 -0.298892  0.870823  1.150928  2.048347
    2.9743190  1.069311 -1.026587  0.430223 -1.692433 -3.055236 -7.654211
    1.5975970  0.431019 -0.388399  0.188275  0.215711  2.740461 10.896118
    0.6358520  0.019907  0.903622 -0.543015  2.788931  0.731557 -8.457993
    0.2881220 -0.001375  0.491189 -0.399317 -2.242005 -2.259628  4.679690
    0.0590980  0.000138  0.079647  0.773238 -0.534711  2.713258 -1.833272
    0.0240410 -0.000254  0.034590  0.431085  0.981160 -1.946334  0.968642
Np   P 
 2910.4057000  0.000074 -0.000050  0.000041 -0.000056  0.000071  0.000177
  702.6976100  0.000571 -0.000357  0.000319 -0.000581  0.001368  0.000774
  225.0786100  0.002833 -0.001962  0.001581 -0.002145  0.002538  0.007071
   81.0763820  0.007889 -0.004826  0.004426 -0.008539  0.021809  0.008500
   25.4817050  0.016924 -0.018503  0.013105 -0.008050 -0.034716  0.122498
   14.9892380  0.078423 -0.012976  0.017707 -0.064695  0.253922 -0.231971
    8.7634560 -0.379135  0.176745 -0.162078  0.316591 -0.781878 -0.114067
    3.6275340  0.599316 -0.454712  0.450449 -0.953170  2.744054  2.314504
    1.8062750  0.585818 -0.309977  0.211931  0.136397 -3.097691 -3.621335
    0.6853270  0.068463  0.550509 -0.977736  1.744632  1.384407  3.627015
    0.2939420 -0.006641  0.592908  0.117858 -2.017291  0.217493 -3.108915
    0.1030860  0.002437  0.089135  0.829603  0.587087 -1.123741  1.990453
    0.0308800 -0.000613 -0.002985  0.194091  0.510616  0.959543 -1.010203
Np   D 
  466.3282000  0.000053 -0.000042  0.000123 -0.000074  0.000036
  160.0231800  0.000378 -0.000019 -0.000232  0.001020 -0.001497
   60.9150000  0.001967 -0.001193  0.003035 -0.000414 -0.001560
   18.4003070  0.026101 -0.005670  0.002490  0.040781 -0.065881
   10.8237100 -0.088883  0.024153 -0.027424 -0.122611  0.234264
    3.7149000  0.450510 -0.174563  0.273493  0.779360 -2.230183
    1.8343810  0.514864 -0.212309  0.522366 -0.217535  3.338689
    0.8178830  0.165513  0.223143 -1.046262 -1.043371 -2.228505
    0.2716130  0.005948  0.625237 -0.087927  1.373307  1.001273
    0.0835950 -0.000023  0.393925  0.756590 -0.882781 -0.411698
Np   F 
  110.5329600  0.000259 -0.000345  0.000807 -0.000034
   36.9281390  0.002616 -0.002481  0.002007  0.008155
   15.1558070  0.011226 -0.013651  0.026574  0.006608
    4.9877490  0.135563 -0.153312  0.221980  0.405264
    2.4414710  0.343223 -0.376542  0.665811  0.433415
    1.1048580  0.409948 -0.188029 -0.702678 -1.551287
    0.4554700  0.302576  0.481572 -0.442646  1.569058
    0.1617190  0.126175  0.565172  0.786858 -0.824059
Np   G 
  110.5329600  0.000164  0.001487 -0.001131
   36.9281390  0.002792 -0.000941  0.024975
   15.1558070  0.027455  0.096459  0.061206
    4.9877490  0.145211  0.212554  1.249734
    2.4414710  0.131272  0.904545 -1.493039
    1.1048500  0.756650 -0.875102  0.624891
# Pu Basis (14s)/[6s] for Pu ECP60MWB
Pu   S
 13367.5230000  0.000034  -0.000020   0.000008  -0.000023  -0.000034  -0.000048
  1955.3222000  0.000226  -0.000156   0.000065  -0.000157  -0.000117  -0.000381
   387.2387800  0.001091  -0.000486   0.000182  -0.000732  -0.001675  -0.001172
   115.7611200 -0.007708   0.001186  -0.000225   0.003989   0.016768   0.001414
    67.5863080  0.055099  -0.016902   0.005736  -0.027711  -0.077542  -0.028828
    39.4881940 -0.268818   0.114868  -0.043619   0.140234   0.253040   0.225486
    23.0278890  0.782460  -0.395502   0.155756  -0.445478  -0.623875  -0.867193
    11.2765540 -1.331226   0.777726  -0.313127   0.889960   1.154998   2.019800
     3.1057620  1.107888  -1.044568   0.442671  -1.684265  -2.988664  -7.464462
     1.6316460  0.398901  -0.378943   0.189963   0.184610   2.723732  11.140198
     0.6819060  0.015457   0.897750  -0.539457   2.770608   0.685285  -8.851305
     0.3052620 -0.000295   0.504470  -0.411978  -2.171369  -2.218222   4.645467
     0.0609050 -0.000074   0.086759   0.767131  -0.574504   2.654080  -1.780346
     0.0246800 -0.000182   0.038514   0.431632   0.996934  -1.916929   0.946594
Pu   P
  2964.6281000  0.000129  -0.000095   0.000083  -0.000121  -0.000226   0.000348
   704.3909300  0.001073  -0.000751   0.000696  -0.001158  -0.002422   0.001524
   226.8424300  0.004934  -0.003677   0.003180  -0.004595  -0.008559   0.013984
    81.9634700  0.014875  -0.010345   0.009741  -0.016694  -0.035704   0.016836
    25.4817050  0.029639  -0.030000   0.023161  -0.023763  -0.032176   0.234133
    14.9892380  0.064975  -0.000071   0.009851  -0.048569  -0.110969  -0.541257
     8.7634560 -0.341840   0.148615  -0.149373   0.281575   0.538664   0.467240
     3.6451710  0.604066  -0.477523   0.513429  -1.042332  -2.684133   1.415965
     1.8204090  0.566166  -0.270405   0.140181   0.356810   3.373123  -2.836411
     0.6954460  0.065768   0.563099  -1.017306   1.550345  -1.896461   3.263251
     0.2972810 -0.005821   0.574911   0.213268  -1.983795   0.265130  -3.016409
     0.1043570  0.002229   0.085396   0.800400   0.673991   0.843379   2.074853
     0.0312250 -0.000556  -0.002807   0.169049   0.474250  -0.855587  -1.107794
Pu   D
   475.6223800  0.000097  -0.000060   0.000159  -0.000057   0.000001
   160.5201000  0.000403  -0.000025  -0.000249   0.001247  -0.001992
    60.9145150  0.003340  -0.001777   0.004224   0.000336  -0.003412
    19.4372680  0.019265  -0.003836  -0.000064   0.035785  -0.058552
    10.0185970 -0.082576   0.021116  -0.018930  -0.130959   0.253670
     4.0349700  0.435317  -0.167342   0.252696   0.792357  -2.222210
     1.9648430  0.532745  -0.225563   0.544707  -0.228477   3.211843
     0.8647010  0.170109   0.237083  -1.054292  -0.976581  -2.095638
     0.2755530  0.006077   0.639097  -0.059435   1.311333   0.933535
     0.0833630 -0.000122   0.373732   0.743676  -0.878521  -0.401190
Pu   F
   108.3220800  0.000384  -0.000509   0.001050   0.000122
    36.6006770  0.003723  -0.003788   0.003521   0.011469
    14.9386250  0.016442  -0.020409   0.036430   0.014951
     5.3682640  0.140114  -0.165034   0.224962   0.447001
     2.6257520  0.349263  -0.390268   0.639036   0.362254
     1.1974600  0.408176  -0.157047  -0.718440  -1.523415
     0.4990010  0.293123   0.507422  -0.419502   1.582363
     0.1797190  0.116738   0.531979   0.811202  -0.837980
Pu   G
   108.3220800  0.000124   0.001668   0.001754
    36.6006770  0.005173   0.002217  -0.038638
    14.9386250  0.034372   0.117628  -0.077367
     5.3682640  0.169138   0.228253  -1.433132
     2.6257520  0.171450   0.988968   1.749722
     1.1974600  0.801671  -0.995726  -0.744460
# Am basis (14s)/[6s] for Am ECP60MWB
Am    S
14084.988000  0.000051 -0.000032  0.000013 -0.000037 -0.000051 -0.000085
 2046.059900  0.000352 -0.000246  0.000104 -0.000258 -0.000246 -0.000686
  429.708290  0.001329 -0.000701  0.000279 -0.000962 -0.001850 -0.001738
  118.285240 -0.005672  0.000074  0.000225  0.002857  0.014762 -0.004438
   68.960343  0.048888 -0.013265  0.004333 -0.024379 -0.073028 -0.007839
   40.386866 -0.258379  0.107907 -0.041481  0.133446  0.247790  0.183671
   23.535464  0.799159 -0.402853  0.161434 -0.451965 -0.645556 -0.864518
   11.805489 -1.356399  0.791853 -0.324439  0.899240  1.193715  2.077646
    3.275070  1.087085 -1.031727  0.443921 -1.658256 -3.013147 -7.676452
    1.748687  0.419927 -0.384179  0.194082  0.174289  2.629283 11.096516
    0.713315  0.019245  0.884893 -0.535580  2.703211  0.853799 -8.527193
    0.318659 -0.001051  0.502187 -0.414695 -2.090661 -2.281056  4.501684
    0.062680  0.000039  0.093729  0.762141 -0.636556  2.625375 -1.708635
    0.025300 -0.000253  0.042533  0.432104  1.034965 -1.889494  0.907688
Am    P
 3013.986700  0.000171 -0.000131  0.000119 -0.000176 -0.000352 -0.000482
  707.549460  0.001442 -0.001070  0.001023 -0.001665 -0.003466 -0.002388
  225.138440  0.006705 -0.005185  0.004702 -0.006902 -0.013824 -0.019899
   81.256811  0.019212 -0.014235  0.013830 -0.023139 -0.048803 -0.025454
   25.739095  0.037645 -0.036802  0.030051 -0.033405 -0.064621 -0.295860
   15.043486  0.056258  0.006973  0.004546 -0.041443 -0.055166  0.713846
    8.782557 -0.337939  0.142098 -0.150475  0.280796  0.459539 -0.801790
    3.811300  0.597178 -0.477450  0.538033 -1.077473 -2.631409 -0.897337
    1.894159  0.575113 -0.270928  0.130363  0.424750  3.405385  2.357560
    0.724996  0.068337  0.558306 -1.040533  1.453339 -2.044089 -2.955223
    0.306865 -0.005651  0.578713  0.258152 -1.927158  0.442988  2.816570
    0.105629  0.002239  0.085466  0.785057  0.698535  0.714241 -2.023245
    0.031570 -0.000567 -0.003296  0.150576  0.455290 -0.808509  1.132712
Am    D
  484.338770  0.000103 -0.000067  0.000186 -0.000034 -0.000024
  149.136460  0.000762 -0.000087 -0.000300  0.001760 -0.003170
   62.243132  0.002951 -0.001872  0.005036 -0.000338 -0.002047
   23.588652  0.016120 -0.003106 -0.000574  0.027768 -0.050005
   10.054488 -0.072397  0.016514 -0.009008 -0.115381  0.243988
    4.266754  0.416178 -0.153150  0.216770  0.774275 -2.296674
    2.114387  0.534316 -0.234670  0.595712 -0.180787  3.258557
    0.935847  0.184743  0.236253 -1.053263 -0.967479 -2.013281
    0.279494  0.007223  0.648984 -0.086623  1.252651  0.841570
Am    F
  127.683650  0.000350 -0.000445  0.001014 -0.000404
   43.686551  0.003511 -0.003967  0.003266 -0.010960
   17.653749  0.018352 -0.022397  0.040263 -0.030778
    6.600926  0.104824 -0.131036  0.158017 -0.363707
    3.197176  0.330143 -0.383739  0.652021 -0.609207
    1.459405  0.421775 -0.229044 -0.526360  1.695544
    0.607656  0.316332  0.483951 -0.618884 -1.559341
Am    G
  127.683650 -0.000026  0.001690 -0.002826
   43.686551  0.005016 -0.000587  0.041617
   17.653749  0.030211  0.116221  0.051114
    6.600926  0.166814  0.164085  1.453119
    3.197176  0.156968  1.070253 -1.700595

# La basis set: (14s,13p,10d,8f,6g) -> [6s,6p,5d,4f,3g]
La    S
  60228.6130000     0.0000030    -0.0000010     0.0000010    -0.0000010    -0.0000030    -0.0000080        
   7142.4190000     0.0000350    -0.0000200     0.0000080    -0.0000190    -0.0000100    -0.0000150        
   1034.3051000     0.0003290    -0.0001110     0.0000370    -0.0001080    -0.0005950    -0.0015860        
    563.4427000    -0.0001060    -0.0000660     0.0000380    -0.0000670     0.0008380     0.0023530        
    123.5532000     0.0032800    -0.0010860     0.0003700    -0.0010120    -0.0049980    -0.0130510        
     34.5544000    -0.2223230     0.0942070    -0.0354160     0.0878680     0.1736490     0.4091500        
     24.6330000     0.6073790    -0.2724410     0.1037420    -0.2576320    -0.4370390    -1.0148200        
     11.2660000    -1.0308240     0.5171360    -0.2005260     0.5102070     0.7733910     1.8536760        
      2.9062000     0.9297070    -0.6593830     0.2638340    -0.8558360    -1.9510510    -6.9834140        
      1.5433000     0.4620110    -0.5472290     0.2568160    -0.5079810     1.1313620     9.4204020        
      0.5672000     0.0281230     0.7889010    -0.4599380     2.7542120     2.0151210    -6.7706770        
      0.2539000    -0.0019080     0.5795120    -0.4493410    -1.9436590    -2.7831950     3.6706920        
      0.0467000     0.0002180     0.0805810     0.8545740    -0.8843580     2.7463170    -1.3915570        
      0.0200000    -0.0005720     0.0213360     0.3413980     1.2447550    -1.9986130     0.7756290        
La    P
   3966.3547000     0.0000040    -0.0000030     0.0000040     0.0000120     0.0000210     0.0001360        
   1143.9280000     0.0000330    -0.0000040    -0.0000130    -0.0000480    -0.0000860    -0.0011310        
    446.9977000     0.0000340    -0.0000630     0.0001170     0.0003210     0.0005800     0.0045960        
    229.5466000     0.0003620    -0.0000900    -0.0000510    -0.0002610    -0.0004770    -0.0082490        
     27.3267000    -0.0071360    -0.0053450     0.0105970     0.0300900     0.0636620     0.3514890        
     19.4864000     0.2066540    -0.0625850     0.0233890     0.0116610    -0.0186250    -1.4103220        
     13.9024000    -0.4451130     0.1734660    -0.1041670    -0.1668790    -0.2653720     1.9300770        
      4.2361000     0.4534720    -0.2419080     0.1531090     0.2928870     0.7926190    -5.6766630        
      2.2936000     0.5692960    -0.3529100     0.3519260     0.7744090     1.1727520     9.2089960        
      1.1258000     0.1592880     0.0411060    -0.2349310    -1.0086610    -4.4223190    -7.6723200        
      0.5279000     0.0050780     0.6285700    -0.6256990    -1.0859510     4.8912340     4.4593800        
      0.2292000     0.0023510     0.4597800     0.0223400     2.2274300    -2.8415250    -1.8133070        
      0.0800000    -0.0002360     0.0444650     1.0250950    -1.2143290     0.8566980     0.4465950        
La    D
    367.7157000     0.0000740    -0.0000350     0.0001480     0.0000000     0.0012650        
    113.5768000     0.0006120    -0.0001270    -0.0003550     0.0006420    -0.0084970        
     33.5588000     0.0076870    -0.0028390     0.0084970     0.0032910     0.0447690        
     14.4198000    -0.0765100     0.0268100    -0.0632550    -0.0468670    -0.1447050        
      7.3159000     0.1517540    -0.0648070     0.1660870     0.0959610     0.6109320        
      3.9483000     0.4218730    -0.1086060     0.0342990     0.3604090    -2.9791560        
      2.0150000     0.4212770    -0.1920370     0.6111080     0.3790640     4.1384280        
      0.9581000     0.1657200     0.1926170    -0.9371020    -1.5253710    -2.4902580        
      0.3109000     0.0113670     0.5948310    -0.3303340     1.4611240     0.8737840        
      0.0954000    -0.0010460     0.4549440     0.8505430    -0.8062610    -0.3145190        
La    F
    124.7971000     0.0011500    -0.0015160     0.0013940    -0.0036410        
     43.9427000     0.0143330    -0.0161720     0.0038950    -0.0025200        
     19.2668000     0.0625940    -0.0778950     0.0536060    -0.1227490        
      8.4893000     0.1640000    -0.1863040     0.0468010    -0.0601810        
      3.7672000     0.2858630    -0.3748380     0.3367040    -0.9686200        
      1.5902000     0.3701040    -0.3073110    -0.1982180     1.7303920        
      0.6098000     0.3601730     0.6625690    -0.7725320    -1.2095640        
      0.1973000     0.2166120     0.3458500     1.0296660     0.5036330        
La    G
     19.2668000    -0.0021180     0.0046720     0.0220370        
      8.4893000     0.0267090    -0.0528710     0.0920280        
      3.7672000    -0.0296670     0.0777680     0.2792570        
      1.5902000     0.2827850    -0.5408730     0.7410590        
      0.6098000     0.7449870    -0.0132510    -0.9360770        
      0.1973000     0.1392920     0.7569620     0.6344400        
# Ce BASIS SET: (14s,13p,10d,8f,6g) -> [6s,6p,5d,4f,3g]
Ce    S
  66920.6810000     0.0000050    -0.0000020     0.0000010    -0.0000030    -0.0000040    -0.0000070        
   7142.4190000     0.0000620    -0.0000350     0.0000160    -0.0000400    -0.0000320    -0.0001050        
   1149.2279000     0.0004080    -0.0001490     0.0000620    -0.0002290    -0.0005490    -0.0004330        
    626.0474000     0.0000800    -0.0001700     0.0000840    -0.0001120     0.0004730    -0.0005600        
    137.2813000     0.0035590    -0.0012510     0.0005200    -0.0018400    -0.0042780    -0.0032230        
     36.6434000    -0.2073650     0.0861910    -0.0371330     0.1048530     0.1506330     0.2067520        
     25.9742000     0.5799820    -0.2563780     0.1114820    -0.3086430    -0.3990330    -0.6528630        
     11.8859000    -1.0115820     0.5024530    -0.2217190     0.6240620     0.7562110     1.5189980        
      3.0284000     0.9722280    -0.6993980     0.3207840    -1.2790040    -2.1907410    -6.3182920        
      1.5664000     0.4176620    -0.4822590     0.2474270    -0.0929100     1.8168770     9.0575890        
      0.5937000     0.0244390     0.7870130    -0.4873920     2.7964190     1.0587330    -7.0391810        
      0.2630000     0.0012250     0.5337440    -0.4703180    -2.1897260    -2.2006120     3.8881050        
      0.0490000    -0.0002980     0.1193800     0.8017470    -0.5266280     2.7220100    -1.5744610        
      0.0207000    -0.0006740     0.0465890     0.3856330     0.9578910    -2.0559830     0.8892570        
Ce    P
   3813.8026000     0.0000050    -0.0000040     0.0000050     0.0000090     0.0000100     0.0000860        
   1216.9447000     0.0000510    -0.0000150    -0.0000030    -0.0000060     0.0000350    -0.0007270        
    496.6641000     0.0000530    -0.0000570     0.0000970     0.0001660     0.0001620     0.0019870        
    212.5431000     0.0006710    -0.0002580     0.0001140     0.0001850     0.0006480    -0.0054360        
     27.6306000     0.0088050    -0.0124680     0.0167470     0.0303100     0.0512640     0.1422360        
     19.6040000     0.1508610    -0.0383210     0.0095430     0.0074070     0.0214170    -0.7366610        
     13.8918000    -0.4014040     0.1558500    -0.1059730    -0.1711670    -0.3371470     1.3090340        
      4.4389000     0.4695540    -0.2567430     0.1990330     0.3920760     1.1924230    -4.9029850        
      2.3374000     0.5754180    -0.3557090     0.3825850     0.6131310     0.2702490     8.1597120        
      1.1067000     0.1411640     0.0823200    -0.3658040    -1.0946620    -3.6173310    -7.4435140        
      0.5287000     0.0041150     0.6300310    -0.6399950    -0.7691230     4.6151260     4.8066530        
      0.2305000     0.0045180     0.4335020     0.2091550     2.0691380    -2.8212890    -2.0133070        
      0.0800000    -0.0001590     0.0405110     0.9153010    -1.2538320     0.8745550     0.4996320        
Ce    D
    367.7157000     0.0001200    -0.0000440     0.0001490    -0.0000290     0.0008620        
    109.8798000     0.0009910    -0.0002850    -0.0001420     0.0013340    -0.0077520        
     36.0211000     0.0077780    -0.0026510     0.0072340     0.0013310     0.0269210        
     14.7637000    -0.0629580     0.0213970    -0.0493470    -0.0287540    -0.0728670        
      7.3281000     0.1803420    -0.0719660     0.1604230     0.0847020     0.2714640        
      3.9441000     0.4325290    -0.1224570     0.0602230     0.4854730    -2.5023490        
      2.0202000     0.3986630    -0.1672490     0.5523760     0.1332970     3.9643520        
      0.9649000     0.1443580     0.2003350    -0.9382330    -1.4195590    -2.6049110        
      0.3273000     0.0094750     0.5940560    -0.3038900     1.4934260     1.0085580        
      0.1032000    -0.0006700     0.4401230     0.8590430    -0.8250490    -0.3728750        
Ce    F
    123.4821000     0.0015660    -0.0017310     0.0018270    -0.0034460        
     43.9881000     0.0181010    -0.0185050     0.0080550    -0.0206300        
     19.4518000     0.0761570    -0.0821160     0.0696710    -0.1378950        
      8.6013000     0.1926830    -0.1968700     0.0876040    -0.2313010        
      3.8049000     0.3243320    -0.3316480     0.3870140    -0.6387810        
      1.6176000     0.3794120    -0.1800940    -0.2237520     1.6189900        
      0.6364000     0.3071170     0.5370880    -0.8166170    -1.2843060        
      0.2164000     0.1533870     0.4954460     0.9986410     0.5267580        
Ce    G
     19.4518000     0.0021990     0.0231970     0.0423510        
      8.6013000     0.0374280     0.1110210     0.0524620        
      3.8049000     0.0303780     0.2644950     0.5516620        
      1.6176000     0.3556640     0.7120600    -0.1500210        
      0.6364000     0.6660090    -0.5471460    -0.5516470        
      0.2164000     0.1113690    -0.3380940     0.9051190        
# Pr BASIS SET: (14s,13p,10d,8f,6g) -> [6s,6p,5d,4f,3g]
Pr    S
  66920.6810000     0.0000080    -0.0000040     0.0000020    -0.0000050    -0.0000070    -0.0000110        
  10906.6250000     0.0000500    -0.0000290     0.0000130    -0.0000340    -0.0000320    -0.0001040        
   2635.4147000     0.0002430    -0.0001140     0.0000500    -0.0001510    -0.0002300    -0.0002600        
    713.9051000     0.0008760    -0.0005250     0.0002390    -0.0006180    -0.0005230    -0.0020340        
    140.0139000     0.0041760    -0.0016200     0.0006910    -0.0022730    -0.0043140    -0.0015440        
     38.1280000    -0.2007950     0.0824360    -0.0357290     0.1004460     0.1425610     0.1376150        
     26.9855000     0.5732180    -0.2516730     0.1101770    -0.3040300    -0.3949520    -0.5343780        
     12.4959000    -1.0078740     0.4993010    -0.2218810     0.6241090     0.7755520     1.4194490        
      3.1878000     0.9725790    -0.7047320     0.3253320    -1.3130590    -2.2929170    -6.1337110        
      1.6451000     0.4169090    -0.4652560     0.2398910     0.0000690     1.9601300     8.8273580        
      0.6185000     0.0237060     0.7861420    -0.4880680     2.6698030     0.9447180    -6.9339450        
      0.2731000     0.0010180     0.5234610    -0.4632240    -2.1051860    -2.1270060     3.8811250        
      0.0506000    -0.0003090     0.1227810     0.7963700    -0.5675750     2.6531620    -1.5899560        
      0.0212000    -0.0006610     0.0490220     0.3874150     0.9827230    -2.0042490     0.8999420        
Pr    P
   3932.0567000     0.0000110    -0.0000070     0.0000080     0.0000130     0.0000140     0.0000530        
   1373.4397000     0.0000270    -0.0000050    -0.0000090    -0.0000170     0.0000410    -0.0005380        
    647.6748000     0.0001600    -0.0000940     0.0001100     0.0001880     0.0002030     0.0006950        
    186.8992000     0.0011580    -0.0005130     0.0003490     0.0005680     0.0015780    -0.0055040        
     27.6306000     0.0252100    -0.0203530     0.0239920     0.0429520     0.0662060     0.0500750        
     19.6040000     0.1011360    -0.0135410    -0.0115900    -0.0319050    -0.0228910    -0.4412720        
     13.9224000    -0.3643980     0.1364630    -0.0923100    -0.1417060    -0.3197290     1.0540060        
      4.7240000     0.4621080    -0.2529010     0.2050140     0.3983810     1.3103740    -4.6517720        
      2.4648000     0.5845640    -0.3583450     0.3901370     0.6072910     0.0075390     7.7688550        
      1.1588000     0.1427930     0.0886380    -0.3848440    -1.1449620    -3.2313190    -7.1345620        
      0.5460000     0.0039760     0.6325880    -0.6577680    -0.6253630     4.2926110     4.6482660        
      0.2359000     0.0043300     0.4275420     0.2847790     1.9386750    -2.6860470    -1.9804840        
      0.0800000    -0.0001770     0.0380380     0.8678580    -1.2281410     0.8488040     0.4966360        
Pr    D
    355.9615000     0.0001930    -0.0000670     0.0001830    -0.0000330     0.0007090        
    107.1414000     0.0015450    -0.0004540     0.0001010     0.0020730    -0.0083070        
     37.5562000     0.0090040    -0.0029970     0.0074510     0.0006370     0.0199920        
     15.0859000    -0.0472960     0.0158400    -0.0395420    -0.0111870    -0.0618490        
      7.3832000     0.2023370    -0.0783230     0.1663510     0.0785740     0.0991190        
      3.9795000     0.4353740    -0.1195640     0.0686880     0.5455020    -2.2010460        
      2.0469000     0.3802050    -0.1544220     0.5221950    -0.0367300     3.7955280        
      0.9794000     0.1310780     0.2145060    -0.9608630    -1.2776010    -2.5814470        
      0.3296000     0.0081130     0.5879480    -0.2573890     1.4477880     1.0232820        
      0.1026000    -0.0005230     0.4396290     0.8362500    -0.8212260    -0.3867140        
Pr    F
    124.5083000     0.0018850    -0.0019220     0.0021980    -0.0038510        
     44.5837000     0.0209490    -0.0202210     0.0123150    -0.0318290        
     19.8731000     0.0852080    -0.0856110     0.0837260    -0.1598300        
      8.9102000     0.2053120    -0.1970280     0.1185550    -0.3110680        
      3.9977000     0.3334030    -0.3083980     0.3770230    -0.4625440        
      1.7285000     0.3758020    -0.1457610    -0.2463610     1.5459800        
      0.6936000     0.2869840     0.5126300    -0.8169210    -1.3149830        
      0.2418000     0.1284440     0.5280360     0.9911550     0.5520830        
Pr    G
     19.8731000     0.0058380     0.0330630     0.0428860        
      8.9102000     0.0432480     0.1218710     0.0587420        
      3.9977000     0.0722690     0.3413140     0.4704170        
      1.7285000     0.3478340     0.5410460    -0.2814870        
      0.6936000     0.5606230    -0.5484710    -0.3767670        
      0.2418000     0.1117360    -0.2539530     0.7527110        
# Nd BASIS SET: (14s,13p,10d,8f,6g) -> [6s,6p,5d,4f,3g]
Nd    S
  67945.5900000     0.0000150    -0.0000080     0.0000040    -0.0000110    -0.0000140    -0.0000260        
   9404.4083000     0.0001250    -0.0000720     0.0000330    -0.0000930    -0.0001030    -0.0002780        
   2084.3177000     0.0006100    -0.0003180     0.0001430    -0.0004270    -0.0005710    -0.0008550        
    586.9895000     0.0017730    -0.0010970     0.0005060    -0.0013730    -0.0013830    -0.0048140        
    142.9406000     0.0053920    -0.0022560     0.0009870    -0.0032350    -0.0054090    -0.0008260        
     39.6722000    -0.1949650     0.0783410    -0.0342250     0.0977180     0.1353290     0.0725200        
     28.0878000     0.5617880    -0.2437290     0.1076980    -0.3010970    -0.3852100    -0.4178400        
     13.0569000    -0.9994500     0.4929050    -0.2212240     0.6310500     0.7830010     1.3233250        
      3.3514000     0.9711050    -0.7059870     0.3289120    -1.3646310    -2.3732540    -5.9550080        
      1.7247000     0.4189160    -0.4516420     0.2341530     0.0883240     2.1035400     8.5865440        
      0.6427000     0.0229720     0.7829710    -0.4865970     2.5927650     0.7763880    -6.8057790        
      0.2828000     0.0008400     0.5141780    -0.4587730    -2.0753390    -2.0069210     3.8581660        
      0.0519000    -0.0002930     0.1273200     0.7874050    -0.5582300     2.6062680    -1.6132130        
      0.0217000    -0.0006350     0.0525750     0.3915290     0.9693610    -1.9842140     0.9223360        
Nd    P
   4017.4813000     0.0000160    -0.0000090     0.0000090     0.0000150     0.0000150     0.0000150        
   1360.6192000     0.0000630    -0.0000260     0.0000120     0.0000200     0.0001240    -0.0004220        
    507.1508000     0.0003630    -0.0001940     0.0002000     0.0003310     0.0004060     0.0000030        
    159.6952000     0.0019690    -0.0009180     0.0006880     0.0011380     0.0031590    -0.0074920        
     27.6306000     0.0424400    -0.0288280     0.0319410     0.0554540     0.0807240    -0.0525520        
     19.6040000     0.0459530     0.0140620    -0.0359410    -0.0723550    -0.0751800    -0.0745830        
     13.9096000    -0.3180250     0.1123570    -0.0733430    -0.1074460    -0.2787890     0.6661070        
      4.9395000     0.4731850    -0.2608020     0.2210200     0.4283500     1.4368670    -4.2194780        
      2.5449000     0.5820490    -0.3527510     0.3841870     0.5575580    -0.3440320     7.2318590        
      1.1810000     0.1352990     0.1122630    -0.4293120    -1.2105020    -2.8068740    -6.8957140        
      0.5552000     0.0027060     0.6324910    -0.6395540    -0.4411040     4.0441430     4.6628570        
      0.2395000     0.0041360     0.4126050     0.3461010     1.8074160    -2.6189560    -2.0302480        
      0.0800000    -0.0002250     0.0345900     0.8268070    -1.2077810     0.8449970     0.5135700        
Nd    D
    350.9612000     0.0002820    -0.0000940     0.0002150    -0.0000220     0.0004460        
    105.9621000     0.0022220    -0.0006930     0.0004910     0.0029940    -0.0085820        
     38.4704000     0.0110160    -0.0035860     0.0079780     0.0005130     0.0119600        
     15.4826000    -0.0318040     0.0103210    -0.0291080     0.0056230    -0.0527490        
      7.4260000     0.2239940    -0.0853640     0.1698310     0.0846610    -0.1189910        
      3.9996000     0.4368740    -0.1221060     0.0894460     0.6144460    -1.7885400        
      2.0642000     0.3613390    -0.1368840     0.4751550    -0.2502830     3.5514480        
      0.9898000     0.1186050     0.2244710    -0.9792750    -1.1158970    -2.5817340        
      0.3370000     0.0070800     0.5828830    -0.2069340     1.4187420     1.0863210        
      0.1051000    -0.0003700     0.4345940     0.8175380    -0.8272840    -0.4214550        
Nd    F
    126.0845000     0.0021720    -0.0022040     0.0026730    -0.0040110        
     45.1679000     0.0235850    -0.0228880     0.0178670    -0.0427220        
     20.1700000     0.0941420    -0.0946210     0.1031280    -0.1751090        
      9.0999000     0.2174560    -0.2095850     0.1563760    -0.3837840        
      4.1085000     0.3396120    -0.3048470     0.3591870    -0.2352520        
      1.7914000     0.3686400    -0.0995620    -0.3535270     1.3989430        
      0.7258000     0.2714700     0.5171780    -0.7109890    -1.3429490        
      0.2562000     0.1177390     0.5121860     0.9687880     0.6106830        
Nd    G
     20.1700000     0.0103580     0.0468870     0.0645490        
      9.0999000     0.0586190     0.1546780     0.1125920        
      4.1085000     0.1144350     0.4354660     0.5877540        
      1.7914000     0.4114890     0.4824620    -0.5243990        
      0.7258000     0.5740580    -0.6321660    -0.3073030        
      0.2562000     0.1132610    -0.2400850     0.8744020        
# Pm BASIS SET: (14s,13p,10d,8f,6g) -> [6s,6p,5d,4f,3g]
Pm    S
  69642.7150000     0.0000290    -0.0000170     0.0000080    -0.0000240    -0.0000310    -0.0000650        
  10512.9760000     0.0002170    -0.0001370     0.0000640    -0.0001890    -0.0002310    -0.0005830        
   2302.5578000     0.0011360    -0.0006770     0.0003170    -0.0009540    -0.0012260    -0.0023790        
    604.1762000     0.0036880    -0.0024110     0.0011400    -0.0033250    -0.0039640    -0.0111480        
    155.7623000     0.0077630    -0.0039500     0.0018170    -0.0057190    -0.0081160    -0.0063010        
     43.0852000    -0.1334070     0.0518690    -0.0230290     0.0651260     0.0862020    -0.0045160        
     27.8744000     0.5205100    -0.2252480     0.1015650    -0.2817660    -0.3473240    -0.3111390        
     13.7395000    -1.0131880     0.4953380    -0.2265380     0.6448530     0.7919980     1.2305340        
      3.4869000     0.9769750    -0.7116640     0.3377350    -1.4117290    -2.4264720    -5.7470400        
      1.7860000     0.4107220    -0.4309870     0.2267710     0.1761900     2.2275410     8.3953400        
      0.6659000     0.0216300     0.7785110    -0.4870950     2.5138710     0.6235690    -6.7532320        
      0.2919000     0.0007860     0.5046280    -0.4579200    -2.0377200    -1.9000400     3.8488160        
      0.0530000    -0.0003090     0.1346470     0.7789340    -0.5575340     2.5582270    -1.6301580        
      0.0221000    -0.0006010     0.0574640     0.3947140     0.9619060    -1.9614470     0.9393110        
Pm    P
   4008.9171000     0.0000210    -0.0000110     0.0000120     0.0000190     0.0000210    -0.0000160        
   1250.0432000     0.0001030    -0.0000460     0.0000300     0.0000500     0.0002090    -0.0004500        
    457.0766000     0.0005350    -0.0002800     0.0002860     0.0004650     0.0005890    -0.0005880        
    151.2780000     0.0025510    -0.0012130     0.0009570     0.0015730     0.0044340    -0.0084710        
     28.1906000     0.0527300    -0.0338250     0.0371160     0.0634280     0.0907240    -0.1342080        
     20.0127000     0.0147250     0.0299230    -0.0508680    -0.0975760    -0.1108750     0.2114810        
     14.2233000    -0.2916770     0.0979470    -0.0623970    -0.0855300    -0.2479470     0.3544310        
      5.1620000     0.4816700    -0.2656980     0.2342090     0.4483520     1.5189780    -3.8975210        
      2.6424000     0.5782740    -0.3469060     0.3806480     0.5218890    -0.5840130     6.8542090        
      1.2172000     0.1303590     0.1280300    -0.4648550    -1.2542400    -2.4870040    -6.6828010        
      0.5691000     0.0020490     0.6317760    -0.6250990    -0.2990360     3.8179220     4.6085350        
      0.2444000     0.0039610     0.4030120     0.3971750     1.6882440    -2.5345370    -2.0341200        
      0.0800000    -0.0002400     0.0324430     0.7902780    -1.1838290     0.8309120     0.5173130        
Pm    D
    341.8060000     0.0004350    -0.0001470     0.0002840     0.0000490     0.0001140        
    102.9418000     0.0034200    -0.0011130     0.0011430     0.0043740    -0.0097680        
     38.2234000     0.0149910    -0.0050120     0.0098390     0.0017270     0.0039980        
     16.1246000    -0.0114130     0.0036360    -0.0167840     0.0244140    -0.0609210        
      7.4243000     0.2427630    -0.0946810     0.1769070     0.1057850    -0.3152760        
      4.0177000     0.4313090    -0.1213600     0.1041350     0.6623530    -1.3670830        
      2.0884000     0.3440080    -0.1289610     0.4254130    -0.4638260     3.2730030        
      1.0041000     0.1102010     0.2460810    -0.9916880    -0.9312960    -2.5543840        
      0.3437000     0.0064210     0.5815680    -0.1479320     1.3695360     1.1407240        
      0.1072000    -0.0003050     0.4188970     0.8007190    -0.8297020    -0.4563780        
Pm    F
    126.6516000     0.0026100    -0.0025940     0.0033360    -0.0045190        
     45.6672000     0.0273310    -0.0261950     0.0252030    -0.0523910        
     20.4949000     0.1029340    -0.1017410     0.1228530    -0.1871600        
      9.3103000     0.2272740    -0.2159080     0.1948980    -0.4201310        
      4.2351000     0.3431310    -0.2959590     0.3292350    -0.0643110        
      1.8604000     0.3620230    -0.0650930    -0.4330520     1.2681360        
      0.7585000     0.2594290     0.5129270    -0.6188510    -1.3548790        
      0.2692000     0.1082540     0.5096720     0.9359390     0.6592710        
Pm    G
     20.4949000     0.0119510    -0.0359950     0.0702310        
      9.3103000     0.0561730    -0.1106800     0.1442710        
      4.2351000     0.1183800    -0.2979190     0.5054120        
      1.8604000     0.3390650    -0.2369800    -0.5924870        
      0.7585000     0.4161740     0.4081190    -0.1376140        
      0.2692000     0.0813980     0.1370280     0.7179700        
# Sm BASIS SET: (14s,13p,10d,8f,6g) -> [6s,6p,5d,4f,3g]
Sm    S
  70078.1710000     0.0000970    -0.0001150     0.0000630    -0.0002280    -0.0003420    -0.0008510        
  10598.3840000     0.0007300    -0.0008710     0.0004760    -0.0017210    -0.0025720    -0.0065200        
   2413.8660000     0.0035230    -0.0041620     0.0022740    -0.0082530    -0.0123730    -0.0305550        
    677.4031000     0.0108730    -0.0131200     0.0071760    -0.0259180    -0.0386920    -0.0994570        
    208.5073000     0.0178240    -0.0207230     0.0113240    -0.0413210    -0.0622430    -0.1475550        
     39.3663000    -0.1543840     0.0383240    -0.0142390     0.0234790     0.0090090    -0.3258480        
     27.9875000     0.5765900    -0.2230380     0.0988690    -0.2515700    -0.2723610     0.1509130        
     14.3426000    -1.0353880     0.4907270    -0.2264730     0.6288250     0.7461140     0.8151210        
      3.6128000     0.9756060    -0.7119160     0.3438070    -1.4418060    -2.4542720    -4.9596580        
      1.8452000     0.4091180    -0.4145070     0.2193420     0.2686900     2.3668970     7.5652160        
      0.6875000     0.0214120     0.7714210    -0.4861340     2.4047340     0.4140460    -6.3917400        
      0.3001000     0.0008250     0.4978510    -0.4564850    -1.9771040    -1.7479090     3.7421120        
      0.0539000    -0.0003450     0.1410280     0.7737080    -0.5677470     2.4827730    -1.6489580        
      0.0224000    -0.0006050     0.0612630     0.3949730     0.9625330    -1.9211200     0.9662710        
Sm    P
   3990.1950000     0.0000330    -0.0000170     0.0000170     0.0000270     0.0000390    -0.0000710        
   1108.0621000     0.0002050    -0.0000980     0.0000800     0.0001340     0.0004050    -0.0005820        
    385.8132000     0.0009830    -0.0005110     0.0005110     0.0008070     0.0012010    -0.0021920        
    134.9763000     0.0038820    -0.0019030     0.0016140     0.0026790     0.0073420    -0.0108530        
     28.6199000     0.0640560    -0.0397920     0.0432280     0.0708630     0.1034230    -0.2445100        
     20.3175000    -0.0226840     0.0492550    -0.0686130    -0.1218170    -0.1614760     0.5969770        
     14.3899000    -0.2514780     0.0766540    -0.0459230    -0.0582550    -0.1813170    -0.1131330        
      5.3093000     0.5014870    -0.2797400     0.2606280     0.4933270     1.6112130    -3.3535930        
      2.6908000     0.5656340    -0.3325190     0.3602780     0.4283260    -0.9417560     6.2559030        
      1.2202000     0.1188160     0.1597840    -0.5270250    -1.2990140    -2.0446890    -6.4689170        
      0.5726000     0.0007120     0.6271690    -0.5778580    -0.1060340     3.5801250     4.7041250        
      0.2467000     0.0039060     0.3839870     0.4464230     1.5565490    -2.4902470    -2.1323970        
      0.0800000    -0.0002720     0.0295420     0.7508520    -1.1690390     0.8365840     0.5476160        
Sm    D
    398.0154000     0.0004330    -0.0001420     0.0002610     0.0000940    -0.0001620        
    115.5466000     0.0038520    -0.0012930     0.0016060     0.0048470    -0.0089490        
     41.8937000     0.0173240    -0.0056530     0.0106290     0.0030290    -0.0048640        
     20.7743000     0.0057430    -0.0024100    -0.0023970     0.0298760    -0.0493360        
      7.5304000     0.2599830    -0.1003660     0.1767120     0.1666760    -0.5438050        
      4.0454000     0.4314780    -0.1212790     0.1324880     0.6556890    -0.8629140        
      2.1012000     0.3276220    -0.1144470     0.3611420    -0.6502730     2.8751850        
      1.0105000     0.1004700     0.2573670    -0.9965510    -0.7359750    -2.4669270        
      0.3475000     0.0056940     0.5761010    -0.0950600     1.3080510     1.1858710        
      0.1083000    -0.0002050     0.4134720     0.7770610    -0.8275440    -0.4920330        
Sm    F
    127.1863000     0.0030500    -0.0030740     0.0040690     0.0050310        
     45.9396000     0.0311450    -0.0303970     0.0331510     0.0617220        
     20.6234000     0.1136240    -0.1140960     0.1453970     0.2003120        
      9.3855000     0.2401280    -0.2300290     0.2314250     0.4425590        
      4.2790000     0.3476520    -0.2882600     0.2819400    -0.1254730        
      1.8883000     0.3530270    -0.0168050    -0.5330720    -1.0947370        
      0.7748000     0.2450120     0.5217250    -0.4803010     1.3588920        
      0.2776000     0.0986780     0.4823630     0.8983030    -0.7226010        
Sm    G
     20.6234000     0.0164050     0.0685550     0.0977770        
      9.3855000     0.0675510     0.1980510     0.2241400        
      4.2790000     0.1454720     0.4961710     0.5166620        
      1.8883000     0.3532230     0.2616370    -0.7961240        
      0.7748000     0.3778270    -0.6528440     0.0289480        
      0.2776000     0.0693500    -0.1882330     0.7135220        
# Eu BASIS SET: (14s,13p,10d,8f,6g) -> [6s,6p,5d,4f,3g]
Eu    S
  70059.4200000     0.0000970    -0.0001070     0.0000560    -0.0001970    -0.0003010    -0.0007660        
  10776.2350000     0.0007070    -0.0007900     0.0004180    -0.0014530    -0.0022190    -0.0057640        
   2482.4901000     0.0033620    -0.0037110     0.0019610    -0.0068500    -0.0104920    -0.0263740        
    702.1526000     0.0102060    -0.0115570     0.0061140    -0.0212530    -0.0324430    -0.0857430        
    216.7926000     0.0165970    -0.0179260     0.0094660    -0.0332480    -0.0511260    -0.1218790        
     41.4950000    -0.1605190     0.0452180    -0.0180360     0.0383250     0.0291150    -0.2871780        
     29.4969000     0.5817850    -0.2298070     0.1017970    -0.2642350    -0.2951520     0.1015220        
     15.0309000    -1.0356970     0.4916050    -0.2247310     0.6253400     0.7600080     0.8679460        
      3.7772000     0.9785180    -0.7106580     0.3386330    -1.4111100    -2.4358430    -5.0571290        
      1.9219000     0.4066950    -0.4101340     0.2149020     0.2572430     2.2939310     7.6376060        
      0.7131000     0.0209350     0.7704730    -0.4771360     2.3446160     0.5113940    -6.3681600        
      0.3097000     0.0009060     0.4979420    -0.4530630    -1.9063990    -1.7947000     3.6901590        
      0.0549000    -0.0003780     0.1397340     0.7730340    -0.6232050     2.4550380    -1.5983900        
      0.0227000    -0.0006020     0.0604620     0.3934290     0.9999580    -1.8939630     0.9328420        
Eu    P
   4058.0207000     0.0000480    -0.0000250     0.0000250    -0.0000380     0.0000650     0.0001250        
   1023.3259000     0.0003570    -0.0001780     0.0001600    -0.0002610     0.0006800     0.0008200        
    339.3852000     0.0016870    -0.0008860     0.0008790    -0.0013640     0.0023030     0.0045310        
    122.3485000     0.0056930    -0.0028710     0.0025700    -0.0042120     0.0110950     0.0132780        
     29.0558000     0.0723980    -0.0447770     0.0486810    -0.0774060     0.1165610     0.3398260        
     20.6269000    -0.0468070     0.0634810    -0.0827340     0.1411870    -0.2087910    -0.9164350        
     14.6179000    -0.2202070     0.0585830    -0.0312370     0.0326360    -0.1098500     0.5124970        
      5.4444000     0.5159570    -0.2911530     0.2855790    -0.5302890     1.6658950     2.8789290        
      2.7414000     0.5534020    -0.3178280     0.3376750    -0.3410530    -1.2256980    -5.7444710        
      1.2283000     0.1103710     0.1853930    -0.5789930     1.3238110    -1.6529090     6.2602570        
      0.5769000    -0.0000360     0.6225020    -0.5351570    -0.0589530     3.3371070    -4.7533060        
      0.2489000     0.0038730     0.3680520     0.4900220    -1.4332060    -2.4319520     2.2090570        
      0.0800000    -0.0002880     0.0272050     0.7131800     1.1546460     0.8392660    -0.5743220        
Eu    D
    389.0841000     0.0005340    -0.0001710     0.0003070     0.0001250    -0.0003460        
    117.7602000     0.0042580    -0.0014150     0.0019490     0.0057790    -0.0092380        
     44.9869000     0.0171600    -0.0054530     0.0100390     0.0019200    -0.0077480        
     22.8599000     0.0124270    -0.0046340     0.0034720     0.0373940    -0.0498110        
      7.8331000     0.2704160    -0.1014770     0.1775580     0.2006590    -0.6525570        
      4.1134000     0.4452720    -0.1237850     0.1607530     0.6478030    -0.5083600        
      2.0999000     0.3144080    -0.0996810     0.2983070    -0.8097290     2.4993450        
      1.0043000     0.0884580     0.2701920    -1.0030120    -0.5266880    -2.3310900        
      0.3422000     0.0047190     0.5745370    -0.0285880     1.2183080     1.1973200        
      0.1051000    -0.0001440     0.4053810     0.7427360    -0.8182150    -0.5203770        
Eu    F
    128.2341000     0.0034240    -0.0035040     0.0047210     0.0053350        
     46.2685000     0.0343130    -0.0341150     0.0402420     0.0675850        
     20.7366000     0.1231940    -0.1259070     0.1666070     0.2092310        
      9.4479000     0.2518240    -0.2429420     0.2616020     0.4491430        
      4.3149000     0.3512920    -0.2778480     0.2263370    -0.2763890        
      1.9121000     0.3443190     0.0266340    -0.6081350    -0.9349030        
      0.7897000     0.2317550     0.5281250    -0.3526940     1.3524210        
      0.2859000     0.0901080     0.4557810     0.8592520    -0.7794060        
Eu    G
     20.7366000     0.0265160    -0.0802600     0.1215740        
      9.4479000     0.0990660    -0.2206610     0.2908810        
      4.3149000     0.2133780    -0.5080470     0.4490740        
      1.9121000     0.4537130    -0.1614970    -0.8986400        
      0.7897000     0.4312990     0.6515780     0.1916600        
      0.2859000     0.0745120     0.1663110     0.6367990        
# Gd BASIS SET: (14s,13p,10d,8f,6g) -> [6s,6p,5d,4f,3g]
Gd    S
  70672.9820000     0.0001350    -0.0002250     0.0001500    -0.0005210    -0.0010450     0.0019580        
  10580.4200000     0.0010060    -0.0016830     0.0011230    -0.0039030    -0.0078270     0.0147770        
   2467.2196000     0.0046050    -0.0076630     0.0051170    -0.0177970    -0.0356760     0.0665850        
    710.3055000     0.0135770    -0.0229220     0.0153060    -0.0531790    -0.1067300     0.2029350        
    223.6934000     0.0209150    -0.0344590     0.0230320    -0.0802260    -0.1607140     0.2940990        
     42.8845000    -0.1547560     0.0195450     0.0003150    -0.0388530    -0.1662620     0.6476310        
     30.5952000     0.5856470    -0.2026780     0.0879510    -0.1736610    -0.0472870    -0.7382880        
     15.7923000    -1.0422710     0.4744540    -0.2286280     0.5694040     0.5974470    -0.0207210        
      3.9598000     0.9778920    -0.7031510     0.3604520    -1.4033410    -2.3824700     2.7381560        
      2.0077000     0.4079860    -0.3934520     0.2167000     0.3442940     2.4757660    -4.9766870        
      0.7494000     0.0192270     0.7515520    -0.4994070     2.1701380     0.1037490     5.1236180        
      0.3241000     0.0002940     0.4879680    -0.4567080    -1.7781690    -1.4932050    -3.3435370        
      0.0578000    -0.0003480     0.1576210     0.7583690    -0.6840660     2.2671750     1.6941090        
      0.0237000    -0.0005480     0.0720920     0.4008890     1.0385540    -1.7594190    -1.0387190        
Gd    P
   4319.8879000     0.0000580    -0.0000310     0.0000310    -0.0000490     0.0000890     0.0001720        
   1015.3970000     0.0004930    -0.0002510     0.0002430    -0.0003920     0.0009470     0.0010710        
    323.7258000     0.0023880    -0.0012580     0.0012950    -0.0020360     0.0036950     0.0073110        
    116.2394000     0.0075040    -0.0038450     0.0036990    -0.0060210     0.0151100     0.0158500        
     29.2018000     0.0811450    -0.0498550     0.0560460    -0.0907350     0.1423770     0.4695240        
     20.8353000    -0.0661540     0.0756070    -0.0989660     0.1751120    -0.2866720    -1.3283280        
     14.8568000    -0.1973390     0.0440100    -0.0178590    -0.0002240    -0.0166870     0.9776370        
      5.5541000     0.5225060    -0.2949760     0.3072050    -0.5677130     1.7067370     2.4301090        
      2.7918000     0.5447640    -0.3070870     0.3299830    -0.2772500    -1.4763420    -5.3156330        
      1.2482000     0.1068970     0.1956260    -0.6199330     1.3794900    -1.2743860     6.0648290        
      0.5843000    -0.0007440     0.6197180    -0.5289850    -0.2587760     3.0624930    -4.7379640        
      0.2512000     0.0033980     0.3620390     0.5547810    -1.2718350    -2.3573070     2.2566210        
      0.0800000    -0.0003100     0.0266570     0.6615890     1.1314870     0.8548260    -0.6018310        
Gd    D
    406.0994000     0.0006550    -0.0002060     0.0003640     0.0002640     0.0006440        
    122.4205000     0.0053410    -0.0017320     0.0027420     0.0069150     0.0092960        
     46.3679000     0.0221800    -0.0069870     0.0123180     0.0083570     0.0199730        
     20.7289000     0.0296300    -0.0102620     0.0145450     0.0577590     0.0634550        
      7.9773000     0.2882700    -0.1043000     0.1887900     0.2492530     0.7609020        
      4.1175000     0.4496780    -0.1217440     0.1888780     0.6299420     0.0572570        
      2.0783000     0.2951570    -0.0780680     0.1992910    -1.0421770    -2.0185230        
      0.9888000     0.0754250     0.2777350    -0.9850210    -0.2340690     2.1914580        
      0.3389000     0.0037300     0.5606090     0.0263540     1.0962500    -1.2621710        
      0.1037000    -0.0000680     0.4102000     0.7078840    -0.7925630     0.5766710        
Gd    F
    128.7052000     0.0039700    -0.0037030     0.0058960     0.0061710        
     46.5647000     0.0387350    -0.0352980     0.0525380     0.0751130        
     20.8882000     0.1339580    -0.1246140     0.1961970     0.2211160        
      9.5233000     0.2628350    -0.2355010     0.3038380     0.4520930        
      4.3476000     0.3539110    -0.2606830     0.1588730    -0.4316190        
      1.9241000     0.3360520     0.0412930    -0.6351040    -0.7417450        
      0.7926000     0.2199860     0.5040080    -0.2849030     1.2911500        
      0.2855000     0.0837850     0.4880950     0.7949870    -0.8001030        
Gd    G
     20.8882000     0.0270730    -0.0880530     0.1364980        
      9.5233000     0.0941740    -0.2352350     0.3416300        
      4.3476000     0.2052010    -0.4922730     0.3041920        
      1.9241000     0.4039790    -0.0715270    -0.8611830        
      0.7926000     0.3516290     0.6058780     0.3030500        
      0.2855000     0.0594260     0.1448310     0.5155120        
# Tb BASIS SET: (14s,13p,10d,8f,6g) -> [6s,6p,5d,4f,3g]
Tb    S
  72672.9820000     0.0001450    -0.0003210     0.0003660     0.0021270     0.0020050     0.0012280        
  10989.4670000     0.0010810    -0.0024070     0.0027420     0.0159350     0.0150300     0.0092480        
   2527.1175000     0.0050610    -0.0111880     0.0127460     0.0740630     0.0698400     0.0426920        
    721.0102000     0.0147270    -0.0331320     0.0377510     0.2196180     0.2073000     0.1282440        
    226.9182000     0.0220290    -0.0478520     0.0545400     0.3165780     0.2982920     0.1797830        
     46.0846000    -0.1153220    -0.0007160     0.0292030     0.2983340     0.3602530     0.3292970        
     30.5157000     0.5425960    -0.1733290     0.0711330    -0.1295260    -0.4712170    -0.6386990        
     15.7632000    -1.0490510     0.4465940    -0.2474810    -0.3725340     0.3969120     0.8510520        
      4.0394000     0.9584310    -0.6401990     0.3993970     1.5719700     0.0723270    -1.4259770        
      2.0660000     0.4328290    -0.3938350     0.2418920    -1.0345120    -1.1069250     0.4101510        
      0.7496000     0.0226550     0.6940120    -0.5410730    -1.3427930     1.7413630     2.2143740        
      0.3239000    -0.0004490     0.4558180    -0.4838130     1.5409770    -0.6937480    -2.5938200        
      0.0561000    -0.0000560     0.2215440     0.7475220     0.0660060    -1.3284410     2.3694160        
      0.0231000    -0.0005270     0.1011170     0.3792560    -0.4631400     1.3420150    -1.7285440        
Tb    P
   4392.6675000     0.0000700    -0.0000380     0.0000400    -0.0000630     0.0001200     0.0002440        
   1041.2891000     0.0005860    -0.0002990     0.0003060    -0.0004990     0.0011250     0.0011850        
    334.5007000     0.0027880    -0.0015010     0.0016090    -0.0025440     0.0048470     0.0102100        
    120.9811000     0.0087100    -0.0044460     0.0045440    -0.0074720     0.0173150     0.0158880        
     32.2707000     0.0659420    -0.0441460     0.0513650    -0.0829440     0.1469640     0.5400430        
     22.8378000    -0.0222870     0.0568360    -0.0811300     0.1453430    -0.2868470    -1.4963370        
     16.2183000    -0.2129080     0.0511720    -0.0260620     0.0141080     0.0167720     1.1918330        
      5.7987000     0.5344650    -0.3080740     0.3360430    -0.6234970     1.7186420     2.0202460        
      2.8898000     0.5367040    -0.2895270     0.2851760    -0.1434860    -1.6993080    -4.7113310        
      1.2536000     0.0970460     0.2288260    -0.6739900     1.3677950    -0.8951800     5.7587900        
      0.5914000    -0.0027170     0.6116550    -0.4442080    -0.4261450     2.8110240    -4.8021560        
      0.2560000     0.0035980     0.3401130     0.5718440    -1.1275610    -2.2935510     2.3422940        
      0.0800000    -0.0003720     0.0228290     0.6353880     1.0986440     0.8495880    -0.6233850        
Tb    D
    410.8307000     0.0008490    -0.0002760    -0.0004770     0.0004910     0.0009260        
    123.8355000     0.0069370    -0.0023150    -0.0039060     0.0087320     0.0107050        
     47.0131000     0.0285330    -0.0093090    -0.0159980     0.0158020     0.0285500        
     20.2989000     0.0503420    -0.0175340    -0.0289740     0.0810010     0.0882340        
      8.0138000     0.3016330    -0.1114660    -0.2029430     0.3221890     0.8380130        
      4.0855000     0.4481780    -0.1235010    -0.2102950     0.5449270    -0.3597460        
      2.0516000     0.2768340    -0.0603130    -0.1103370    -1.2156760    -1.5603170        
      0.9838000     0.0685190     0.2892460     0.9731040     0.0463400     2.0648180        
      0.3420000     0.0037560     0.5551160    -0.0961560     0.9735970    -1.3374740        
      0.1058000    -0.0000620     0.3977340    -0.6748760    -0.7740130     0.6459730        
Tb    F
    128.9666000     0.0045880    -0.0045660     0.0070080     0.0079170        
     46.7861000     0.0435630    -0.0422210     0.0620730     0.0876310        
     21.0021000     0.1448800    -0.1413050     0.2152210     0.2436950        
      9.5773000     0.2724300    -0.2506160     0.3172800     0.4307170        
      4.3716000     0.3536520    -0.2454820     0.0860220    -0.5798290        
      1.9343000     0.3265840     0.0853500    -0.6681760    -0.5297870        
      0.7960000     0.2117000     0.5034050    -0.1735990     1.2115380        
      0.2866000     0.0811110     0.4615650     0.7581970    -0.8138470        
Tb    G
     21.0021000     0.0330820    -0.0957630    -0.1526740        
      9.5773000     0.1074750    -0.2451100    -0.3711820        
      4.3716000     0.2322780    -0.4583320    -0.1495320        
      1.9343000     0.4238970     0.0226680     0.7886920        
      0.7960000     0.3333580     0.5422320    -0.3990780        
      0.2866000     0.0520950     0.1116570    -0.3947730        
# Dy BASIS SET: (14s,13p,10d,8f,6g) -> [6s,6p,5d,4f,3g]
Dy    S
  78529.7430000     0.0001380    -0.0002930     0.0002600     0.0009440     0.0022080    -0.0017700        
  11854.6990000     0.0010330    -0.0022010     0.0019520     0.0070960     0.0165980    -0.0133600        
   2719.9807000     0.0048610    -0.0103000     0.0091400     0.0332040     0.0776290    -0.0621000        
    772.4036000     0.0143400    -0.0308620     0.0273860     0.0996130     0.2332520    -0.1885950        
    242.0320000     0.0216200    -0.0451680     0.0401050     0.1455090     0.3397760    -0.2685320        
     48.3562000    -0.1134530     0.0010780     0.0177330     0.1092700     0.3830960    -0.4567950        
     31.8806000     0.5593540    -0.1860950     0.0785870     0.1024830    -0.3337230     0.7571540        
     16.8609000    -1.0607550     0.4627950    -0.2363310    -0.5392940    -0.0886350    -0.7365740        
      4.2155000     0.9780670    -0.6757670     0.3778070     1.5009140     1.4927100     0.4750850        
      2.1287000     0.4092750    -0.3825550     0.2194640    -0.5974040    -2.0839800     0.9123060        
      0.7889000     0.0196250     0.7221780    -0.5075490    -1.8843170     0.8222800    -3.0074910        
      0.3383000     0.0002160     0.4730410    -0.4682200     1.6503090     0.4635780     2.7962170        
      0.0581000    -0.0003160     0.1888010     0.7507790     0.6337270    -1.6245810    -2.1146910        
      0.0238000    -0.0005350     0.0867550     0.3893790    -0.9816470     1.3647780     1.4792350        
Dy    P
   4069.1626000     0.0001190    -0.0000660     0.0000700    -0.0001130     0.0002180     0.0003810        
    962.2598000     0.0009870    -0.0005290     0.0005550    -0.0009110     0.0018970     0.0019340        
    308.6009000     0.0046080    -0.0025700     0.0027470    -0.0044410     0.0085830     0.0156500        
    112.4099000     0.0133620    -0.0071710     0.0074990    -0.0124090     0.0264410     0.0215890        
     32.2707000     0.0764440    -0.0522340     0.0599030    -0.0997290     0.1894990     0.6563220        
     22.8378000    -0.0398610     0.0721670    -0.0970320     0.1818520    -0.4032870    -1.8561500        
     16.3088000    -0.1820920     0.0296820    -0.0051780    -0.0317260     0.1738190     1.6373770        
      5.8807000     0.5396170    -0.3180840     0.3596600    -0.6714610     1.6888080     1.4637240        
      2.9213000     0.5247030    -0.2724770     0.2492860    -0.0273520    -1.9341770    -4.1230500        
      1.2585000     0.0927320     0.2509780    -0.7098170     1.3702330    -0.4372460     5.4789680        
      0.5926000    -0.0028500     0.6048010    -0.3941510    -0.6017300     2.4554100    -4.8077480        
      0.2569000     0.0035490     0.3255710     0.5936960    -0.9731450    -2.1939330     2.4372700        
      0.0800000    -0.0003750     0.0214290     0.6062770     1.0661770     0.8599600    -0.6679650        
Dy    D
    409.8032000     0.0010460    -0.0003460    -0.0006130    -0.0006690     0.0011230        
    123.7104000     0.0084480    -0.0027760    -0.0048760    -0.0106820     0.0121870        
     47.0976000     0.0339450    -0.0112690    -0.0198400    -0.0203110     0.0329900        
     20.1202000     0.0633130    -0.0213290    -0.0374220    -0.1029620     0.1087590        
      8.1571000     0.3105420    -0.1165380    -0.2206380    -0.3494630     0.8303630        
      4.1474000     0.4432760    -0.1130610    -0.1947920    -0.4927840    -0.5291750        
      2.0825000     0.2659340    -0.0636450    -0.0873740     1.3253790    -1.2650980        
      0.9998000     0.0649470     0.3190160     0.9869730    -0.2963360     1.8016960        
      0.3202000     0.0034080     0.5893010    -0.2062710    -0.7798840    -1.2015690        
      0.0913000    -0.0001290     0.3544050    -0.6086110     0.7350570     0.6503530        
Dy    F
    129.6274000     0.0052520    -0.0052430     0.0078490     0.0085760        
     47.1727000     0.0484900    -0.0474310     0.0689460     0.0918270        
     21.1586000     0.1547520    -0.1531040     0.2286590     0.2564730        
      9.6381000     0.2811700    -0.2613990     0.3244060     0.4144740        
      4.3953000     0.3538280    -0.2314910     0.0226360    -0.6835830        
      1.9426000     0.3185160     0.1229420    -0.6840770    -0.3638850        
      0.7980000     0.2032170     0.5079180    -0.0828860     1.1369300        
      0.2866000     0.0764760     0.4336580     0.7275890    -0.8235040        
Dy    G
     21.1586000     0.0409200    -0.1257390    -0.2071120        
      9.6381000     0.1254970    -0.3081150    -0.4653930        
      4.3953000     0.2683970    -0.5158600    -0.0359410        
      1.9426000     0.4515950     0.1085290     0.8598800        
      0.7980000     0.3250480     0.6004810    -0.5384940        
      0.2866000     0.0482380     0.1137640    -0.3896830        
# Ho BASIS SET: (14s,13p,10d,8f,6g) -> [6s,6p,5d,4f,3g]
Ho    S
  86373.9550000     0.0000780    -0.0000720     0.0000370    -0.0001090    -0.0002000    -0.0004490        
  13014.2000000     0.0005880    -0.0005430     0.0002790    -0.0008250    -0.0015220    -0.0035620        
   2974.2417000     0.0028010    -0.0025410     0.0013070    -0.0038540    -0.0070970    -0.0155710        
    840.7710000     0.0083640    -0.0078400     0.0040400    -0.0119390    -0.0220830    -0.0534430        
    258.1223000     0.0134190    -0.0117770     0.0060450    -0.0177890    -0.0325920    -0.0631940        
     49.7648000    -0.1793220     0.0603860    -0.0269960     0.0539510     0.0542500    -0.2895850        
     35.5463000     0.6107910    -0.2470800     0.1142500    -0.2569430    -0.3354630     0.1610240        
     18.1290000    -1.0436500     0.4881380    -0.2297120     0.5573050     0.8122000     0.8130220        
      4.4456000     0.9979850    -0.7092370     0.3447920    -1.2258220    -2.4912690    -4.9362970        
      2.2170000     0.3861060    -0.3818670     0.2054700     0.2053380     2.2152310     7.5958110        
      0.8329000     0.0168210     0.7565970    -0.4667790     1.9883250     0.7771420    -6.3484560        
      0.3544000     0.0006780     0.4923460    -0.4534620    -1.4841040    -1.9380860     3.5580540        
      0.0597000    -0.0004710     0.1531600     0.7588820    -0.9800320     2.2663590    -1.4696870        
      0.0244000    -0.0005200     0.0686290     0.3932350     1.2494160    -1.7085280     0.8482110        
Ho    P
   4325.3814000     0.0001410    -0.0000790     0.0000830    -0.0001340     0.0002440     0.0003680        
   1002.3283000     0.0012200    -0.0006860     0.0007220    -0.0011860     0.0023810     0.0025610        
    312.0385000     0.0060510    -0.0033980     0.0035980    -0.0057730     0.0105460     0.0161680        
    110.7381000     0.0173430    -0.0099090     0.0104440    -0.0173320     0.0358290     0.0348350        
     32.1423000     0.0894980    -0.0514380     0.0563650    -0.0893850     0.1436700     0.3986920        
     20.4345000    -0.1382630     0.1072600    -0.1303800     0.2277540    -0.4186620    -1.5821520        
     14.4416000    -0.0850520    -0.0193220     0.0480200    -0.1223000     0.3115390     1.8788880        
      6.0350000     0.5445110    -0.3148310     0.3558970    -0.6581020     1.6014670     0.9553860        
      3.0020000     0.5126560    -0.2712020     0.2555150    -0.0148750    -1.9873250    -3.8486010        
      1.3324000     0.0939040     0.2515420    -0.7162360     1.3565120    -0.2545490     5.2614640        
      0.6127000    -0.0005610     0.6110490    -0.4059610    -0.6366960     2.2613570    -4.5352400        
      0.2627000     0.0029280     0.3235700     0.6240110    -0.8913780    -2.0904380     2.3335100        
      0.0800000    -0.0002750     0.0204940     0.5813190     1.0402160     0.8458700    -0.6498980        
Ho    D
    454.4404000     0.0010650    -0.0003330    -0.0006010    -0.0008170    -0.0012810        
    137.4123000     0.0087540    -0.0028310    -0.0055850    -0.0109450    -0.0101880        
     52.6936000     0.0358960    -0.0112960    -0.0202810    -0.0268690    -0.0406280        
     22.6037000     0.0768480    -0.0254680    -0.0514490    -0.1082780    -0.0902250        
      8.7808000     0.2922730    -0.1020550    -0.1977910    -0.4073630    -0.8644890        
      4.3752000     0.4570920    -0.1266660    -0.2711960    -0.3890190     0.7937760        
      2.1022000     0.2812880    -0.0205090     0.1073450     1.3205110     0.7006170        
      0.9073000     0.0544690     0.3079910     0.8903220    -0.4472080    -1.5385210        
      0.3172000     0.0006460     0.5328020    -0.2266430    -0.6724100     1.3662150        
      0.0975000     0.0004170     0.3903780    -0.5867760     0.6957510    -0.7578560        
Ho    F
    136.4678000     0.0052300    -0.0051060     0.0075800     0.0079500        
     49.5692000     0.0484490    -0.0466910     0.0679410     0.0869440        
     22.2471000     0.1562080    -0.1532100     0.2301910     0.2593110        
     10.1359000     0.2823840    -0.2630340     0.3334970     0.4162180        
      4.6186000     0.3538810    -0.2280290     0.0071460    -0.7059620        
      2.0375000     0.3174580     0.1256090    -0.6812500    -0.3295100        
      0.8343000     0.2027250     0.5038570    -0.0742020     1.1161580        
      0.2979000     0.0770090     0.4379320     0.7185540    -0.8182580        
Ho    G
     22.2471000     0.0461140    -0.1286710    -0.2149610        
     10.1359000     0.1407940    -0.3170160    -0.4699810        
      4.6186000     0.3015210    -0.5014850     0.0229430        
      2.0375000     0.4798700     0.1348200     0.8091430        
      0.8343000     0.3375470     0.5884270    -0.5466740        
      0.2979000     0.0509250     0.1129470    -0.3501930        
# Er BASIS SET: (14s,13p,10d,8f,6g) -> [6s,6p,5d,4f,3g]
Er    S
  89904.8350000     0.0000630    -0.0000490     0.0000240    -0.0000640    -0.0001230    -0.0002670        
  13532.8740000     0.0004730    -0.0003710     0.0001850    -0.0004880    -0.0009450    -0.0021980        
   3087.3042000     0.0022540    -0.0017290     0.0008630    -0.0022630    -0.0043710    -0.0090860        
    870.1876000     0.0067060    -0.0053660     0.0026880    -0.0070850    -0.0137840    -0.0338760        
    263.4262000     0.0108820    -0.0079480     0.0039540    -0.0102930    -0.0196840    -0.0317990        
     52.4141000    -0.1875180     0.0683280    -0.0312150     0.0620090     0.0811630    -0.2396370        
     37.4387000     0.6152830    -0.2534790     0.1178820    -0.2505250    -0.3710130     0.0970580        
     18.9300000    -1.0414360     0.4874480    -0.2297580     0.5209650     0.8417240     0.8632250        
      4.6293000     1.0000080    -0.7062260     0.3429310    -1.1167050    -2.5025630    -5.0034130        
      2.3028000     0.3840160    -0.3797740     0.2045060     0.1362980     2.1354590     7.6505120        
      0.8646000     0.0165990     0.7537590    -0.4617460     1.8784800     0.9453270    -6.3248300        
      0.3661000     0.0005510     0.4925610    -0.4532980    -1.3334690    -2.0261910     3.4980650        
      0.0605000    -0.0004710     0.1561040     0.7613680    -1.1168140     2.1954930    -1.4119900        
      0.0247000    -0.0005110     0.0687410     0.3870640     1.3494800    -1.6350940     0.8115660        
Er    P
   3801.9737000     0.0002010    -0.0001130     0.0001210    -0.0001920    -0.0003480     0.0005050        
    896.7217000     0.0016420    -0.0009320     0.0010040    -0.0016340    -0.0031550     0.0032490        
    286.4247000     0.0074820    -0.0042120     0.0045100    -0.0071530    -0.0129270     0.0194890        
    104.4943000     0.0193030    -0.0111920     0.0121280    -0.0200320    -0.0398310     0.0350550        
     31.1565000     0.1082750    -0.0598980     0.0647100    -0.0997730    -0.1632040     0.4772560        
     20.3323000    -0.2083700     0.1407120    -0.1637910     0.2774090     0.5364660    -1.9131970        
     14.4517000    -0.0155380    -0.0563310     0.0848230    -0.1858900    -0.4912220     2.3289230        
      6.0524000     0.5694740    -0.3284610     0.3854280    -0.6960190    -1.5219990     0.4084000        
      3.0043000     0.4829330    -0.2454270     0.2027330     0.1299790     2.1723220    -3.2802900        
      1.3278000     0.0815460     0.2870400    -0.7668100     1.3110240    -0.1531170     4.9669740        
      0.6093000    -0.0006310     0.6021190    -0.3272580    -0.7853240    -1.9494470    -4.5281460        
      0.2629000     0.0025690     0.3001980     0.6416520    -0.7450620     2.0086180     2.4272970        
      0.0800000    -0.0002490     0.0182260     0.5475360     1.0148970    -0.8573380    -0.6922390        
Er    D
    456.0008000     0.0014180    -0.0004470    -0.0008540    -0.0012200    -0.0016160        
    138.1523000     0.0115860    -0.0036970    -0.0075740    -0.0135480    -0.0119330        
     53.2044000     0.0468490    -0.0148910    -0.0282630    -0.0392410    -0.0505510        
     22.6815000     0.1040830    -0.0336130    -0.0702500    -0.1325190    -0.1078570        
      8.9971000     0.2884340    -0.1006480    -0.2086110    -0.4431110    -0.8414010        
      4.4298000     0.4498330    -0.1209140    -0.2700830    -0.2736040     0.9837870        
      2.1154000     0.2752210    -0.0097320     0.1708640     1.3320550     0.3750590        
      0.9092000     0.0534260     0.3076350     0.8530930    -0.6127200    -1.3302090        
      0.3110000     0.0006450     0.5315910    -0.2529360    -0.5335560     1.3169050        
      0.0933000     0.0003730     0.3945810    -0.5526170     0.6433860    -0.7761080        
Er    F
    137.9575000     0.0052180    -0.0050550     0.0074810     0.0079440        
     49.6732000     0.0480470    -0.0461520     0.0677320     0.0858880        
     22.2754000     0.1636340    -0.1598920     0.2409760     0.2781290        
     10.2123000     0.2894830    -0.2679470     0.3376570     0.4012770        
      4.6589000     0.3537420    -0.2158620    -0.0335850    -0.7769950        
      2.0551000     0.3109490     0.1476180    -0.6817630    -0.2122300        
      0.8406000     0.1961420     0.5005580    -0.0310660     1.0538070        
      0.2996000     0.0739260     0.4294300     0.7002750    -0.8119650        
Er    G
     22.2754000     0.0515640    -0.1377580    -0.2386010        
     10.2123000     0.1509490    -0.3273000    -0.4769640        
      4.6589000     0.3175040    -0.4695040     0.1264450        
      2.0551000     0.4668440     0.1968410     0.7407300        
      0.8406000     0.3040790     0.5511180    -0.5824480        
      0.2996000     0.0440770     0.0989150    -0.3045130        
# Tm BASIS SET: (14s,13p,10d,8f,6g) -> [6s,6p,5d,4f,3g]
Tm    S
  91965.7410000     0.0000560    -0.0000400     0.0000200    -0.0000520    -0.0000980    -0.0002080        
  13821.7180000     0.0004200    -0.0003040     0.0001510    -0.0003970    -0.0007590    -0.0017680        
   3143.9393000     0.0020100    -0.0014130     0.0007000    -0.0018310    -0.0034720    -0.0069470        
    882.0348000     0.0059310    -0.0043900     0.0021830    -0.0057630    -0.0110920    -0.0277670        
    261.8382000     0.0096710    -0.0063510     0.0031290    -0.0080610    -0.0149350    -0.0192800        
     55.3108000    -0.1936640     0.0728070    -0.0337070     0.0683560     0.0892660    -0.2325100        
     39.5077000     0.6096330    -0.2523510     0.1182680    -0.2537350    -0.3705850     0.1012320        
     19.6251000    -1.0317750     0.4817590    -0.2284230     0.5235140     0.8392260     0.8558050        
      4.8195000     0.9972690    -0.6986800     0.3406940    -1.1300690    -2.5093850    -4.9748750        
      2.3954000     0.3873380    -0.3795560     0.2045380     0.1559240     2.1459460     7.5597760        
      0.8926000     0.0168530     0.7487190    -0.4567920     1.8583920     0.9104740    -6.2238110        
      0.3765000     0.0004700     0.4912840    -0.4543710    -1.3258220    -1.9848430     3.4488850        
      0.0615000    -0.0004630     0.1589920     0.7560860    -1.1059440     2.1709510    -1.3946660        
      0.0250000    -0.0005250     0.0710740     0.3892600     1.3371540    -1.6246400     0.8046530        
Tm    P
   3687.3299000     0.0002820    -0.0001650     0.0001840    -0.0002920    -0.0005130     0.0006920        
    875.1093000     0.0022560    -0.0013330     0.0015030    -0.0024360    -0.0044350     0.0046210        
    282.4068000     0.0099620    -0.0058350     0.0065120    -0.0103380    -0.0181300     0.0253480        
    104.3190000     0.0247760    -0.0149730     0.0170120    -0.0279500    -0.0520120     0.0475310        
     32.9474000     0.0981640    -0.0552840     0.0611070    -0.0934350    -0.1516800     0.3835550        
     20.0536000    -0.1952780     0.1353640    -0.1631500     0.2795640     0.5485870    -1.7849590        
     14.3240000     0.0037870    -0.0727440     0.1090810    -0.2406780    -0.6331490     2.4975600        
      6.1425000     0.5712050    -0.3325200     0.4095150    -0.7150810    -1.3567690    -0.1834340        
      3.0429000     0.4715830    -0.2291150     0.1589710     0.2657110     2.2510280    -2.6241710        
      1.3438000     0.0784280     0.3034530    -0.8020370     1.2355040    -0.5110570     4.5705870        
      0.6140000    -0.0004390     0.5960350    -0.2693680    -0.9007570    -1.6199370    -4.4067190        
      0.2649000     0.0024580     0.2886430     0.6600380    -0.5951950     1.8922240     2.4540510        
      0.0800000    -0.0002350     0.0169830     0.5107340     0.9813990    -0.8632220    -0.7201190        
Tm    D
    462.7563000     0.0015900    -0.0005100    -0.0009890    -0.0014450    -0.0017300        
    140.2688000     0.0128920    -0.0041830    -0.0087190    -0.0152450    -0.0133010        
     54.0389000     0.0514160    -0.0166390    -0.0319280    -0.0450550    -0.0523890        
     22.9937000     0.1127030    -0.0369720    -0.0794010    -0.1482580    -0.1262580        
      9.1744000     0.2947910    -0.1046280    -0.2226750    -0.4862350    -0.8363170        
      4.4985000     0.4463680    -0.1201280    -0.2628880    -0.1550630     1.1510570        
      2.1434000     0.2670860    -0.0004560     0.2217460     1.3070800     0.0977390        
      0.9195000     0.0508240     0.3180030     0.8229610    -0.7203030    -1.1565600        
      0.3131000     0.0006560     0.5350630    -0.2912130    -0.4324010     1.2819860        
      0.0934000     0.0003790     0.3777460    -0.5291960     0.6125280    -0.7973050        
Tm    F
    139.4592000     0.0059800    -0.0059210     0.0085840     0.0094240        
     50.4688000     0.0537360    -0.0528080     0.0762080     0.0953560        
     22.6469000     0.1723870    -0.1721140     0.2541160     0.2995850        
     10.3467000     0.2955520    -0.2756400     0.3330750     0.3585860        
      4.7136000     0.3524380    -0.1982710    -0.0900210    -0.8386790        
      2.0773000     0.3040180     0.1758220    -0.6713510    -0.0755020        
      0.8490000     0.1900070     0.4976500     0.0250210     0.9772500        
      0.3023000     0.0713230     0.4102760     0.6808100    -0.8064630        
Tm    G
     22.6469000     0.0599650    -0.1580930    -0.2820400        
     10.3467000     0.1682440    -0.3579610    -0.4996910        
      4.7136000     0.3429470    -0.4596260     0.2328480        
      2.0773000     0.4689910     0.2593230     0.7038740        
      0.8490000     0.2869660     0.5492210    -0.6389240        
      0.3023000     0.0401440     0.0930300    -0.2785220        
# Yb BASIS SET: (14s,13p,10d,8f,6g) -> [6s,6p,5d,4f,3g]
Yb    S
  91972.9030000     0.0000510    -0.0000350     0.0000150    -0.0000500    -0.0000840    -0.0001640        
  13787.3710000     0.0003860    -0.0002690     0.0001190    -0.0003930    -0.0006610    -0.0014590        
   3123.6135000     0.0018440    -0.0012420     0.0005470    -0.0017800    -0.0029830    -0.0053570        
    871.4754000     0.0053560    -0.0038320     0.0017000    -0.0056850    -0.0096030    -0.0232910        
    250.4630000     0.0088590    -0.0054050     0.0023540    -0.0072710    -0.0119500    -0.0082520        
     58.2827000    -0.2007550     0.0785730    -0.0324750     0.0752720     0.0967360    -0.2327930        
     41.6305000     0.6023800    -0.2548900     0.1066470    -0.2685560    -0.3705870     0.1191970        
     20.2164000    -1.0209690     0.4853870    -0.2057680     0.5678330     0.8488380     0.8219490        
      4.9972000     0.9954240    -0.7089940     0.3085860    -1.2660080    -2.6614010    -4.8460210        
      2.4822000     0.3915800    -0.3847200     0.1903730     0.2328990     2.5065500     7.3561470        
      0.9179000     0.0164760     0.7640590    -0.4290780     2.0072980     0.4035400    -6.1000450        
      0.3853000    -0.0004460     0.5084360    -0.4242410    -1.5424580    -1.6374300     3.4370240        
      0.0614000    -0.0001150     0.1309330     0.7736920    -0.8791200     2.1599190    -1.4927780        
      0.0250000    -0.0003450     0.0529820     0.3748790     1.1733630    -1.6917830     0.9034710        
Yb    P
   3731.9621000     0.0003320    -0.0001990     0.0002220    -0.0003720    -0.0005960    -0.0007890        
    888.0224000     0.0026300    -0.0015990     0.0018150    -0.0030870    -0.0051200    -0.0055050        
    287.9351000     0.0114440    -0.0068610     0.0076480    -0.0128550    -0.0204860    -0.0280960        
    107.1471000     0.0277850    -0.0173420     0.0199220    -0.0342380    -0.0581250    -0.0563350        
     35.3252000     0.0889280    -0.0496810     0.0531540    -0.0868730    -0.1246700    -0.2846540        
     19.8028000    -0.2024920     0.1357160    -0.1586640     0.2927420     0.5172480     1.5714560        
     14.1449000     0.0404530    -0.0958320     0.1374010    -0.3111610    -0.7144660    -2.5444630        
      6.2844000     0.5778810    -0.3361720     0.4080960    -0.7257140    -1.2391930     0.6544290        
      3.1145000     0.4553230    -0.2101220     0.0870450     0.3454380     2.3787970     2.1123820        
      1.3827000     0.0733050     0.3228750    -0.7408370     1.2380250    -0.8944640    -4.2292420        
      0.6273000    -0.0012820     0.5896520    -0.2400550    -1.0050220    -1.2849220     4.2672360        
      0.2703000     0.0015940     0.2762660     0.6039030    -0.4785800     1.7578060    -2.4577910        
      0.0800000    -0.0002360     0.0149810     0.5542930     0.9077850    -0.8369980     0.7411890        
Yb    D
    469.7606000     0.0019840    -0.0006990    -0.0012760    -0.0018670    -0.0020740        
    142.6128000     0.0160130    -0.0056480    -0.0109340    -0.0177070    -0.0152500        
     55.1267000     0.0631530    -0.0224520    -0.0405540    -0.0576730    -0.0627170        
     23.4415000     0.1378000    -0.0488100    -0.0970160    -0.1656580    -0.1407990        
      9.4951000     0.2854980    -0.1111630    -0.2238950    -0.4867100    -0.7739680        
      4.5792000     0.4383090    -0.1264660    -0.2639240    -0.0535350     1.2138360        
      2.1646000     0.2662560     0.0197180     0.2911740     1.2606610    -0.0967790        
      0.9238000     0.0521530     0.3446310     0.7680580    -0.8181270    -1.0006420        
      0.3107000     0.0007130     0.5245450    -0.3441970    -0.3391010     1.2367770        
      0.0914000     0.0003840     0.3574650    -0.5029670     0.5870500    -0.8123670        
Yb    F
    142.0293000     0.0059570    -0.0069190     0.0077610     0.0092170        
     51.0862000     0.0531800    -0.0614110     0.0696740     0.0920480        
     22.8741000     0.1780760    -0.2095510     0.2421060     0.3067780        
     10.5025000     0.3006000    -0.3177060     0.3043670     0.3232570        
      4.7872000     0.3503420    -0.1760460    -0.1596690    -0.8452640        
      2.1088000     0.2977640     0.2671580    -0.6625760    -0.0015000        
      0.8609000     0.1881530     0.5005030     0.1738110     0.9365320        
      0.3060000     0.0732780     0.2987170     0.6744770    -0.8382500        
Yb    G
     22.8741000     0.0642830    -0.1586640     0.2680000        
     10.5025000     0.1740060    -0.3454660     0.4398070        
      4.7872000     0.3434780    -0.4026400    -0.2447280        
      2.1088000     0.4308010     0.3040540    -0.6024240        
      0.8609000     0.2347560     0.4914600     0.5653230        
      0.3060000     0.0292400     0.0848120     0.3217870        
# Lu BASIS SET: (14s,13p,10d,8f,6g) -> [6s,6p,5d,4f,3g]
Lu    S
  95169.7670000     0.0000220    -0.0000120     0.0000050    -0.0000200    -0.0000270     0.0000340        
  15488.4030000     0.0001450    -0.0000830     0.0000360    -0.0001540    -0.0002200     0.0004690        
   3776.2335000     0.0006510    -0.0003430     0.0001450    -0.0005630    -0.0007230     0.0004660        
   1079.0501000     0.0020380    -0.0012210     0.0005240    -0.0023400    -0.0034630     0.0086190        
    268.9538000     0.0051270    -0.0023600     0.0009830    -0.0031250    -0.0030000    -0.0107990        
     63.4679000    -0.2023790     0.0821990    -0.0338490     0.0977620     0.0789960     0.2710940        
     45.1332000     0.5926160    -0.2562960     0.1063810    -0.3420570    -0.3431100    -0.2267650        
     21.4568000    -1.0164530     0.4918790    -0.2065820     0.7517600     0.9007590    -0.6789210        
      5.3483000     0.9897120    -0.7123160     0.3088860    -1.8115000    -3.3498530     4.5897430        
      2.6778000     0.4000820    -0.4131790     0.2002930     0.5999520     4.0394770    -7.3338310        
      1.0287000     0.0172430     0.7395230    -0.4099190     2.3942640    -1.4089910     6.5458220        
      0.4408000    -0.0014190     0.5536880    -0.4684380    -2.0955530    -0.6164330    -3.9721640        
      0.0791000     0.0003620     0.1109770     0.6765540    -0.2588240     2.0421420     2.0603670        
      0.0313000    -0.0001580     0.0616850     0.4946230     0.6686530    -1.6706830    -1.2781250        
Lu    P
   4043.9748000     0.0002940    -0.0001740     0.0001820    -0.0003490    -0.0005250    -0.0007110        
    958.8771000     0.0023530    -0.0014230     0.0015270    -0.0029240    -0.0045980    -0.0049320        
    309.1220000     0.0104410    -0.0062040     0.0064810    -0.0124240    -0.0185710    -0.0260540        
    114.2203000     0.0258280    -0.0160260     0.0174780    -0.0336020    -0.0542120    -0.0522650        
     37.1091000     0.0850470    -0.0470960     0.0463490    -0.0897360    -0.1191770    -0.2799580        
     20.4579000    -0.2003710     0.1330710    -0.1414270     0.3224580     0.5344600     1.6609340        
     14.5932000     0.0323480    -0.0883320     0.1137560    -0.3395120    -0.7330290    -2.7103770        
      6.5275000     0.5755450    -0.3358990     0.3937290    -0.7634970    -1.2692520     0.7607480        
      3.2448000     0.4618590    -0.2219370     0.0841060     0.3271470     2.4542750     2.0737360        
      1.4504000     0.0762640     0.3143040    -0.6429740     1.3621070    -0.9899140    -4.2412040        
      0.6635000    -0.0021650     0.5964910    -0.3469170    -1.1165130    -1.2012580     4.2509680        
      0.2858000     0.0012160     0.2812460     0.6324390    -0.3884820     1.6888800    -2.3963250        
      0.0800000    -0.0002430     0.0148480     0.5784590     0.8258760    -0.8142360     0.7160220        
Lu    D
    484.5275000     0.0022860    -0.0006850    -0.0014610    -0.0022500    -0.0022160        
    146.6655000     0.0186290    -0.0056760    -0.0130980    -0.0189760    -0.0167870        
     56.3779000     0.0740880    -0.0224280    -0.0473740    -0.0711590    -0.0682640        
     23.6711000     0.1615540    -0.0496090    -0.1186390    -0.1774650    -0.1663090        
      9.4401000     0.3080910    -0.0981290    -0.2273700    -0.5395310    -0.7170410        
      4.3712000     0.4483340    -0.1113180    -0.2856930     0.2420410     1.4574170        
      1.9580000     0.2357830     0.0730330     0.5382510     0.9923610    -0.7700210        
      0.7272000     0.0291000     0.3524820     0.6161480    -1.0002540    -0.3670100        
      0.2460000    -0.0014820     0.4971230    -0.4363620     0.0054330     1.0438410        
      0.0744000     0.0005440     0.3564150    -0.3797500     0.4509770    -0.8624940        
Lu    F
    175.1559000     0.0041020    -0.0050560     0.0054790     0.0064400        
     62.8909000     0.0390860    -0.0481170     0.0513760     0.0700270        
     28.3624000     0.1470440    -0.1838810     0.2048260     0.2596220        
     13.2478000     0.2710920    -0.3197450     0.3182980     0.4074890        
      6.1440000     0.3456650    -0.2379840    -0.0266250    -0.6542900        
      2.7623000     0.3204810     0.1895990    -0.6974760    -0.4084940        
      1.1574000     0.2158830     0.5215990     0.0304720     1.2035240        
      0.4244000     0.0904920     0.3195740     0.7531640    -0.8817080        
Lu    G
     28.3624000     0.0479050    -0.1160350     0.1957950        
     13.2478000     0.1501280    -0.3002770     0.4308950        
      6.1440000     0.3229110    -0.4546070     0.0483370        
      2.7623000     0.4444940     0.1092410    -0.7620960        
      1.1574000     0.3080390     0.5867050     0.3331220        
      0.4244000     0.0545630     0.1733570     0.5341000        

