# U pseudopotential correlation consistent polarized valence triple zeta U
U s
 3.616890E+04  3.4000000E-05 -2.6000000E-05  1.3000000E-05  2.9000000E-05 -4.4000000E-05  0.0000000E+00
 5.356190E+03  2.5400000E-04 -2.0200000E-04  1.0100000E-04  2.2700000E-04 -3.3500000E-04  0.0000000E+00
 1.200140E+03  1.1660000E-03 -8.9800000E-04  4.4600000E-04  1.0010000E-03 -1.5270000E-03  0.0000000E+00
 3.279790E+02  2.8030000E-03 -2.3210000E-03  1.1670000E-03  2.6360000E-03 -3.8020000E-03  0.0000000E+00
 5.360230E+01  4.1117000E-02 -2.2696000E-02  1.0554000E-02  2.2035000E-02 -3.8822000E-02  0.0000000E+00
 3.350810E+01 -2.8217500E-01  1.5505800E-01 -7.2022000E-02 -1.4747100E-01  2.4222100E-01  0.0000000E+00
 2.095960E+01  8.8255400E-01 -5.1725100E-01  2.4308300E-01  5.0456500E-01 -8.0587300E-01  0.0000000E+00
 1.311150E+01 -7.8322900E-01  5.2328700E-01 -2.4965400E-01 -5.4559600E-01  9.7326400E-01  0.0000000E+00
 8.199450E+00 -6.2706700E-01  3.4592600E-01 -1.6519200E-01 -3.1829000E-01  2.3758700E-01  0.0000000E+00
 3.147330E+00  8.3919400E-01 -6.9974300E-01  3.5630000E-01  8.6033000E-01 -1.2238870E+00  0.0000000E+00
 1.817930E+00  5.6194800E-01 -7.6672900E-01  4.0770900E-01  1.2544620E+00 -2.5904180E+00  0.0000000E+00
 1.051480E+00  1.0237400E-01  2.3752700E-01 -1.4490300E-01 -1.6201240E+00  5.7694510E+00  0.0000000E+00
 5.048720E-01  3.4399000E-02  8.1309000E-01 -5.9395200E-01 -1.5474120E+00 -2.4366040E+00  0.0000000E+00
 2.476910E-01  1.1568000E-02  3.1403300E-01 -3.7252900E-01  1.7222350E+00 -1.5661670E+00  0.0000000E+00
 7.653400E-02  1.4140000E-03  7.9023000E-02  3.8149500E-01  1.0623700E+00  2.9085710E+00  0.0000000E+00
 3.885000E-02  9.3000000E-04  1.0143700E-01  6.2074900E-01 -9.5939700E-01 -1.1697730E+00  0.0000000E+00
 1.843300E-02  4.8800000E-04  3.8387000E-02  2.2238400E-01 -3.7543100E-01 -5.9743300E-01  1.0000000E+00
U p
 1.075000E+03  6.6000000E-05 -3.7000000E-05  9.0000000E-06  3.0000000E-05 -4.9000000E-05  0.0000000E+00
 2.486820E+02  4.3500000E-04 -2.8700000E-04  7.3000000E-05  2.1800000E-04 -3.5800000E-04  0.0000000E+00
 7.146260E+01  1.8520000E-03 -9.2000000E-04  2.2300000E-04  7.9200000E-04 -1.2380000E-03  0.0000000E+00
 2.677310E+01 -2.4209000E-02  1.0431000E-02 -2.4360000E-03 -9.0480000E-03  1.4325000E-02  0.0000000E+00
 1.673900E+01  1.9615700E-01 -1.0419900E-01  2.5549000E-02  8.7386000E-02 -1.4469200E-01  0.0000000E+00
 1.046780E+01 -4.2791900E-01  2.6332900E-01 -6.6316000E-02 -2.3034800E-01  4.0168300E-01  0.0000000E+00
 6.546410E+00 -7.6839000E-02 -3.4920000E-03  2.8050000E-03  4.1458000E-02 -1.2170700E-01  0.0000000E+00
 3.469440E+00  5.6237200E-01 -3.7805300E-01  9.7253000E-02  2.7483400E-01 -4.4915100E-01  0.0000000E+00
 1.947820E+00  5.1492200E-01 -4.0371000E-01  1.0826100E-01  4.6495700E-01 -9.0042300E-01  0.0000000E+00
 1.060150E+00  1.4650000E-01  9.5407000E-02 -3.7564000E-02 -4.0386700E-01  1.5187770E+00  0.0000000E+00
 5.558950E-01  2.8086000E-02  5.2492500E-01 -1.7543900E-01 -7.1416900E-01  7.5757500E-01  0.0000000E+00
 2.907100E-01  1.7113000E-02  4.5008200E-01 -2.0046600E-01  1.8213000E-02 -1.6040800E+00  0.0000000E+00
 1.492260E-01  4.5670000E-03  1.4095400E-01 -4.1542000E-02  4.8091000E-01 -3.2845900E-01  0.0000000E+00
 7.222100E-02  6.2500000E-04  1.4852000E-02  3.3476400E-01  5.3233500E-01  8.4877900E-01  0.0000000E+00
 3.418900E-02 -1.6000000E-05  1.6140000E-03  5.7774500E-01  1.0792500E-01  2.3592800E-01  0.0000000E+00
 1.558900E-02  1.7000000E-05  1.2000000E-05  2.3752800E-01  4.7870000E-03  5.1270000E-03  1.0000000E+00
U d
 1.982880E+02  2.3000000E-04 -6.1000000E-05 -6.3000000E-05 -1.0200000E-04  0.0000000E+00
 5.942420E+01  1.4760000E-03 -6.3400000E-04 -1.5140000E-03  3.0750000E-03  0.0000000E+00
 1.621310E+01  2.9669000E-02 -8.1600000E-03 -1.2458000E-02  3.2190000E-03  0.0000000E+00
 9.805410E+00 -1.1645900E-01  3.5449000E-02  6.3777000E-02 -6.1916000E-02  0.0000000E+00
 3.793560E+00  3.3957200E-01 -1.3086400E-01 -2.3965000E-01  3.0476900E-01  0.0000000E+00
 2.111500E+00  4.7821600E-01 -1.6495800E-01 -4.5388900E-01  9.3474900E-01  0.0000000E+00
 1.122010E+00  2.7211200E-01 -4.6287000E-02  1.7052000E-01 -1.7196620E+00  0.0000000E+00
 5.600260E-01  5.8394000E-02  2.4787700E-01  9.5959200E-01  1.8429000E-01  0.0000000E+00
 2.487660E-01  2.7160000E-03  4.6031300E-01 -1.2978100E-01  1.2268660E+00  0.0000000E+00
 1.049670E-01  1.7700000E-04  3.8812000E-01 -5.7636000E-01 -7.1835800E-01  0.0000000E+00
 4.197000E-02 -7.4000000E-05  1.2798300E-01 -1.7395500E-01 -2.6669600E-01  1.0000000E+00
U f
 1.532310E+02  1.6000000E-04 -1.6000000E-04 -2.2000000E-04  0.0000000E+00
 4.507950E+01  2.2620000E-03 -2.9620000E-03 -3.6980000E-03  0.0000000E+00
 1.777060E+01  1.2978000E-02 -1.4234000E-02 -1.8660000E-02  0.0000000E+00
 7.686250E+00  4.1634000E-02 -5.5943000E-02 -6.7935000E-02  0.0000000E+00
 3.592430E+00  1.8472900E-01 -2.1728400E-01 -3.2452500E-01  0.0000000E+00
 1.850530E+00  3.2161200E-01 -3.7186400E-01 -5.5503100E-01  0.0000000E+00
 9.300490E-01  3.4063900E-01 -1.3045200E-01  8.4790900E-01  0.0000000E+00
 4.469020E-01  2.6385600E-01  4.0708600E-01  3.5909700E-01  0.0000000E+00
 2.013310E-01  1.4476300E-01  4.5062700E-01 -5.3815300E-01  0.0000000E+00
 8.087300E-02  4.2347000E-02  2.0063800E-01 -3.2024900E-01  1.0000000E+00
U g
 2.558900E+00  1.0000000E+00  0.0000000E+00  0.0000000E+00
 8.106000E-01  0.0000000E+00  1.0000000E+00  0.0000000E+00
 1.999000E-01  0.0000000E+00  0.0000000E+00  1.0000000E+00
U h
 1.104200E+00  1.0000000E+00
# Br BASIS SET: (10s,11p,9d,1f) -> [5s,4p,3d,1f]
Br    S
   9659.3900000   0.0003710  -0.0001520   0.0000000   0.0000000   0.0000000
   1455.9600000   0.0025710  -0.0010080   0.0000000   0.0000000   0.0000000
    325.9140000   0.0084850  -0.0036090   0.0000000   0.0000000   0.0000000
     46.5657000   0.0782220  -0.0278720   0.0000000   0.0000000   0.0000000
     18.2469000  -0.3971490   0.1513170   0.0000000   0.0000000   0.0000000
      3.8020100   0.6858640  -0.3514970   0.0000000   0.0000000   0.0000000
      1.7863200   0.4868190  -0.4107030   0.0000000   0.0000000   0.0000000
      0.6027140   0.0349130   0.3473160   1.0000000   0.0000000   0.0000000
      0.2840140  -0.0065730   0.6754910   0.0000000   1.0000000   0.0000000
      0.1202710   0.0016420   0.2440080   0.0000000   0.0000000   1.0000000
Br    P
    492.1870000   0.0004720  -0.0001580   0.0000000   0.0000000
     92.3642000   0.0054940  -0.0013440   0.0000000   0.0000000
     27.0718000  -0.0880300   0.0246160   0.0000000   0.0000000
      7.2653900   0.3434850  -0.1125320   0.0000000   0.0000000
      3.4848100   0.5102080  -0.1797750   0.0000000   0.0000000
      1.6404800   0.2486310  -0.0736610   0.0000000   0.0000000
      0.6485700   0.0222010   0.3487340   0.0000000   0.0000000
      0.2564070  -0.0004190   0.5579480   0.0000000   0.0000000
      0.0953040   0.0006560   0.2664560   0.0000000   0.0000000
      0.7666000   0.0000000   0.0000000   1.0000000   0.0000000
      0.1182000   0.0000000   0.0000000   0.0000000   1.0000000
Br    D
    338.9960000   0.0015240   0.0000000   0.0000000
    103.2170000   0.0156730   0.0000000   0.0000000
     42.3638000   0.0724000   0.0000000   0.0000000
     18.4356000   0.1863030   0.0000000   0.0000000
      8.3725400   0.3238810   0.0000000   0.0000000
      3.8022200   0.3745340   0.0000000   0.0000000
      1.6867700   0.2574180   0.0000000   0.0000000
      0.6775200   0.0680510   1.0000000   0.0000000
      0.2553000   0.0000000   0.0000000   1.0000000
Br    F
      0.5606000   1.0000000
# Os BASIS SET: (10s,9p,8d,2f,1g) -> [5s,5p,4d,2f,1g]
Os    S
     32.3055000   0.0197370  -0.0065050   0.0032420   0.0069550   0.0000000
     20.1934000  -0.1722810   0.0585150   0.0321220   0.0417920   0.0000000
     12.6258000   0.5020590  -0.1762530  -0.1472230  -0.2181670   0.0000000
      7.8902100  -0.2729310   0.1041850  -0.0521880  -0.1049580   0.0000000
      4.4618300  -0.6628560   0.2405050   0.6858550   1.2105800   0.0000000
      1.2361300   0.8403110  -0.4093240  -1.4787110  -4.1259100   0.0000000
      0.5888300   0.5041200  -0.3607630   0.1833530   4.5902800   0.0000000
      0.1832610   0.0360460   0.2734870   2.2357940  -1.6062050   0.0000000
      0.0839720  -0.0077430   0.6639500  -1.2321000  -0.9747310   0.0000000
      0.0358740   0.0000000   0.0000000   0.0000000   0.0000000   1.0000000
Os    P
     19.5631000  -0.0147080   0.0038110   0.0068020   0.0137510   0.0000000
     12.2451000   0.0813650  -0.0227510  -0.0412110  -0.0773820   0.0000000
      5.5534200  -0.2865920   0.0856230   0.1569900   0.2953390   0.0000000
      1.4628400   0.5046710  -0.1797460  -0.3433910  -0.9653980   0.0000000
      0.7345370   0.4803480  -0.2015160  -0.4303710  -0.2465530   0.0000000
      0.3605750   0.1720070  -0.0014850   0.2960230   1.7281840   0.0000000
      0.1566910   0.0167790   0.3717870   0.7536120  -0.5259660   0.0000000
      0.0663330   0.0010290   0.5436820   0.1966590  -0.6793560   0.0000000
      0.0277460   0.0000000   0.0000000   0.0000000   0.0000000   1.0000000
Os    D
     14.6857000  -0.0002690   0.0012700   0.0026700   0.0000000
      9.1712400   0.0164940  -0.0225880  -0.0374650   0.0000000
      5.7299200  -0.0666740   0.0838610   0.1404650   0.0000000
      1.5875600   0.2245470  -0.3263310  -0.8231180   0.0000000
      0.7672690   0.3796600  -0.5066390  -0.0536040   0.0000000
      0.3528390   0.3618810   0.1706070   1.1529670   0.0000000
      0.1530360   0.2216830   0.6360850  -0.4177890   0.0000000
      0.0612280   0.0000000   0.0000000   0.0000000   1.0000000
Os    F
      1.0510000   1.0000000   0.0000000
      0.3372000   0.0000000   1.0000000
Os    G
      0.8435000   1.0000000
# Re BASIS SET: (10s,9p,8d,2f,1g) -> [5s,5p,4d,2f,1g]
Re    S
     30.4120000   0.0229870  -0.0072090   0.0008190  -0.0059360   0.0000000
     19.0142000  -0.1976360   0.0645740   0.0437380  -0.0062770   0.0000000
     11.8921000   0.5813760  -0.1963520  -0.1772190   0.0754730   0.0000000
      7.4336100  -0.3840040   0.1354270   0.0197240   0.0512310   0.0000000
      4.1811300  -0.6002800   0.2175540   0.5658650  -0.5040200   0.0000000
      1.1685700   0.8264270  -0.3902690  -1.1960450   1.6252170   0.0000000
      0.5539770   0.5102290  -0.3723360  -0.0926010  -1.6511890   0.0000000
      0.1707810   0.0365510   0.2672200   2.2639340   0.1479060   0.0000000
      0.0792870  -0.0087660   0.6716710  -1.0605870   0.9643860   0.0000000
      0.0339090   0.0000000   0.0000000   0.0000000   0.0000000   1.0000000
Re    P
     18.3488000  -0.0168770   0.0046080   0.0073690   0.0150340   0.0000000
     11.4877000   0.0929150  -0.0268720  -0.0437140  -0.0837840   0.0000000
      5.4325600  -0.2914010   0.0889710   0.1463200   0.2804860   0.0000000
      1.3785900   0.4982270  -0.1794810  -0.3009630  -0.8342650   0.0000000
      0.6887660   0.4796070  -0.2111050  -0.4000020  -0.4202230   0.0000000
      0.3380830   0.1752920  -0.0043780   0.1900900   1.7104440   0.0000000
      0.1491600   0.0173410   0.3822050   0.7604950  -0.3011560   0.0000000
      0.0643210   0.0013480   0.5438540   0.2562560  -0.7920800   0.0000000
      0.0273440   0.0000000   0.0000000   0.0000000   0.0000000   1.0000000
Re    D
     13.8248000  -0.0010140   0.0014410  -0.0008920   0.0000000
      8.6358600   0.0200690  -0.0233020   0.0318260   0.0000000
      5.3969500  -0.0709260   0.0813920  -0.1289560   0.0000000
      1.4943200   0.2136340  -0.2826220   0.6891180   0.0000000
      0.7134790   0.3740960  -0.4844350   0.2530110   0.0000000
      0.3249100   0.3691180   0.0772300  -1.1068680   0.0000000
      0.1398360   0.2324990   0.6339580   0.1625610   0.0000000
      0.0555530   0.0000000   0.0000000   0.0000000   1.0000000
Re    F
      0.9339000   1.0000000   0.0000000
      0.2939000   0.0000000   1.0000000
Re    G
      0.7368000   1.0000000
# Pa pseudopotential based correlation consistent polarized valence triple zeta Pa
Pa s
 3.708600E+04  1.5050300E-05 -9.9146400E-06  4.8926200E-06  9.8587400E-06 -1.5062800E-05  0.0000000E+00
 5.558630E+03  1.1108000E-04 -7.6296400E-05  3.7981500E-05  7.6293400E-05 -1.0255300E-04  0.0000000E+00
 1.263860E+03  5.0881100E-04 -3.2790200E-04  1.6102000E-04  3.2525300E-04 -5.3275900E-04  0.0000000E+00
 3.504810E+02  1.2684800E-03 -9.1591700E-04  4.6024300E-04  9.2459600E-04 -1.0975000E-03  0.0000000E+00
 5.200050E+01  3.5221500E-02 -1.7511600E-02  8.1188800E-03  1.5885600E-02 -3.6674700E-02  0.0000000E+00
 3.251250E+01 -2.7115700E-01  1.4230100E-01 -6.6984600E-02 -1.2991200E-01  2.5149300E-01  0.0000000E+00
 2.033450E+01  8.9320600E-01 -5.0558400E-01  2.4168800E-01  4.7510400E-01 -8.5021100E-01  0.0000000E+00
 1.271640E+01 -8.7332000E-01  5.5093700E-01 -2.6694100E-01 -5.5019800E-01  1.1080600E+00  0.0000000E+00
 7.548040E+00 -5.6077700E-01  3.1108000E-01 -1.5277500E-01 -2.6748200E-01 -4.8153100E-03  0.0000000E+00
 3.159200E+00  7.6205700E-01 -5.9511700E-01  3.0834400E-01  6.3721400E-01 -3.6878300E-01  0.0000000E+00
 1.849140E+00  6.1532700E-01 -8.0871400E-01  4.3763900E-01  1.3340300E+00 -3.7697700E+00  0.0000000E+00
 1.070999E+00  1.3243600E-01  1.3141700E-01 -8.3401900E-02 -1.2071100E+00  5.8843800E+00  0.0000000E+00
 5.049260E-01  3.4698500E-02  8.2188400E-01 -6.0908900E-01 -1.9550400E+00 -1.6446600E+00  0.0000000E+00
 2.452520E-01  1.2624300E-02  3.5290300E-01 -4.0168400E-01  1.8104900E+00 -2.0643700E+00  0.0000000E+00
 7.057100E-02  1.5234300E-03  9.1442000E-02  4.3305900E-01  1.1896000E+00  3.2366100E+00  0.0000000E+00
 3.604000E-02  7.9078800E-04  9.6826000E-02  5.9345400E-01 -1.1698600E+00 -1.5972400E+00  0.0000000E+00
 1.744000E-02  4.3512000E-04  3.4860700E-02  1.9576100E-01 -2.8230700E-01 -4.3368400E-01  1.0000000E+00
Pa p
 9.098740E+02  6.5268700E-05 -3.6482700E-05  9.3206800E-06  2.7801800E-05  5.2066600E-05  0.0000000E+00
 2.161800E+02  4.0227200E-04 -2.5953600E-04  6.7030200E-05  1.6768200E-04  2.7237000E-04  0.0000000E+00
 5.933070E+01  2.1665800E-03 -1.0103400E-03  2.5268100E-04  9.0278800E-04  1.8856100E-03  0.0000000E+00
 2.666890E+01 -2.7450500E-02  1.2350300E-02 -3.0424000E-03 -1.0510700E-02 -2.1763300E-02  0.0000000E+00
 1.667150E+01  1.9451800E-01 -1.0336200E-01  2.6130400E-02  8.1066700E-02  1.5966900E-01  0.0000000E+00
 1.042190E+01 -3.9454700E-01  2.4157300E-01 -6.2595100E-02 -1.9689900E-01 -4.0405500E-01  0.0000000E+00
 6.516160E+00 -1.2495100E-01  2.7100700E-02 -4.4096000E-03  2.3639800E-02  1.3275000E-01  0.0000000E+00
 3.595110E+00  4.7938200E-01 -3.0795500E-01  7.9170100E-02  1.7811900E-01  2.4427800E-01  0.0000000E+00
 2.069850E+00  5.4498600E-01 -4.2711400E-01  1.1848900E-01  4.2744800E-01  1.0118500E+00  0.0000000E+00
 1.164070E+00  2.0377700E-01 -2.7223800E-02 -2.0185800E-03 -1.3601500E-01 -8.6841400E-01  0.0000000E+00
 6.086430E-01  3.8219200E-02  4.6250100E-01 -1.5236900E-01 -6.5857500E-01 -1.5101100E+00  0.0000000E+00
 3.218400E-01  1.8403300E-02  5.0762300E-01 -2.2155300E-01 -2.7198900E-01  1.3435700E+00  0.0000000E+00
 1.648800E-01  7.3159900E-03  2.0603100E-01 -8.0113600E-02  4.4507900E-01  8.1503900E-01  0.0000000E+00
 7.045100E-02  7.0915900E-04  2.3293500E-02  3.5512400E-01  6.6288000E-01 -8.4678200E-01  0.0000000E+00
 3.276900E-02  3.6088300E-06 -2.1905000E-04  5.8526900E-01  1.1542500E-01 -2.6002100E-01  0.0000000E+00
 1.499100E-02  9.1419700E-06  4.3491300E-04  2.1567600E-01  9.1005700E-03 -3.8521000E-03  1.0000000E+00
Pa d
 1.980290E+02  1.8525000E-04 -4.5069600E-05 -3.1025000E-05 -1.5236000E-04  0.0000000E+00
 5.939280E+01  1.2095100E-03 -5.1949500E-04 -1.3097800E-03  2.8550700E-03  0.0000000E+00
 1.554550E+01  3.1912900E-02 -8.6254700E-03 -1.2677500E-02  1.3627100E-03  0.0000000E+00
 9.711790E+00 -1.1890700E-01  3.5475900E-02  6.2415000E-02 -5.6027300E-02  0.0000000E+00
 3.636750E+00  3.4467500E-01 -1.2881100E-01 -2.3711600E-01  2.8646700E-01  0.0000000E+00
 2.000790E+00  4.8038500E-01 -1.6342500E-01 -4.3326600E-01  9.3090400E-01  0.0000000E+00
 1.051420E+00  2.6918600E-01 -4.3427500E-02  1.6138700E-01 -1.7042500E+00  0.0000000E+00
 5.169660E-01  5.4900300E-02  2.5725400E-01  9.6194300E-01  2.1189700E-01  0.0000000E+00
 2.262150E-01  1.9934100E-03  4.7674700E-01 -1.4808300E-01  1.1916200E+00  0.0000000E+00
 9.349300E-02  1.8478000E-04  3.8267200E-01 -5.9076700E-01 -7.5600500E-01  0.0000000E+00
 3.653700E-02 -8.8842600E-05  1.0355000E-01 -1.4323400E-01 -2.2689700E-01  1.0000000E+00
Pa f
 9.272030E+01  3.6551800E-04 -3.5776200E-04 -7.0346100E-04  0.0000000E+00
 3.177050E+01  3.4467600E-03 -4.2333200E-03 -4.8883200E-03  0.0000000E+00
 1.333140E+01  1.5770800E-02 -1.6248300E-02 -2.7217900E-02  0.0000000E+00
 5.549160E+00  6.1161200E-02 -8.0022000E-02 -9.6289200E-02  0.0000000E+00
 2.850000E+00  2.1369100E-01 -2.1698300E-01 -4.3616800E-01  0.0000000E+00
 1.466490E+00  3.2225400E-01 -3.6389800E-01 -3.6907600E-01  0.0000000E+00
 7.309330E-01  3.2557400E-01 -8.2795600E-02  9.1668100E-01  0.0000000E+00
 3.481470E-01  2.5054800E-01  4.1763800E-01  1.9092500E-01  0.0000000E+00
 1.556190E-01  1.3916900E-01  4.4233900E-01 -5.0450400E-01  0.0000000E+00
 6.243100E-02  4.1883000E-02  1.8823600E-01 -2.6268800E-01  1.0000000E+00
Pa g
 2.271000E+00  1.0000000E+00  0.0000000E+00  0.0000000E+00
 7.419000E-01  0.0000000E+00  1.0000000E+00  0.0000000E+00
 1.886000E-01  0.0000000E+00  0.0000000E+00  1.0000000E+00
Pa h
 9.964000E-01  1.0000000E+00
# Ta BASIS SET: (10s,9p,8d,2f,1g) -> [5s,5p,4d,2f,1g]
Ta    S
     27.1236000   0.0310530  -0.0090380  -0.0036940   0.0199390   0.0000000
     16.9695000  -0.2562460   0.0776200   0.0741990  -0.0119830   0.0000000
     10.6228000   0.7537040  -0.2351160  -0.2667320  -0.1263190   0.0000000
      6.6449300  -0.6221810   0.1985680   0.1638740  -0.1072520   0.0000000
      3.5948000  -0.4709360   0.1643530   0.4542910   1.0858150   0.0000000
      1.0504400   0.7957440  -0.3367730  -1.0387690  -3.3698120   0.0000000
      0.4928350   0.5320760  -0.3948460  -0.2840230   3.2164070   0.0000000
      0.1487360   0.0359520   0.2230040   2.4631730   0.3284360   0.0000000
      0.0722280  -0.0130440   0.6886390  -1.1724650  -2.7861580   0.0000000
      0.0309970   0.0000000   0.0000000   0.0000000   0.0000000   1.0000000
Ta    P
     15.5273000  -0.0247840   0.0068180   0.0100470   0.0206680   0.0000000
      9.7259300   0.1412710  -0.0402940  -0.0601510  -0.1177830   0.0000000
      5.2380300  -0.3273280   0.0966590   0.1452770   0.2832870   0.0000000
      1.2270200   0.4834390  -0.1633710  -0.2448290  -0.6451770   0.0000000
      0.6053810   0.4839520  -0.2142180  -0.3637170  -0.6698480   0.0000000
      0.2963140   0.1812620  -0.0232540   0.0650640   1.6952860   0.0000000
      0.1305110   0.0183560   0.3814550   0.7639420  -0.0513130   0.0000000
      0.0571160   0.0014010   0.5524390   0.3237320  -0.8985720   0.0000000
      0.0246790   0.0000000   0.0000000   0.0000000   0.0000000   1.0000000
Ta    D
     12.1917000  -0.0017560   0.0014680  -0.0034800   0.0000000
      7.6161300   0.0229090  -0.0248100   0.0408190   0.0000000
      4.7595400  -0.0715900   0.0829610  -0.1314870   0.0000000
      1.2759000   0.1997750  -0.2725710   0.5878110   0.0000000
      0.5929460   0.3628730  -0.4890720   0.4024980   0.0000000
      0.2642870   0.3846300  -0.0016350  -1.1685840   0.0000000
      0.1124950   0.2504110   0.6453820   0.1607410   0.0000000
      0.0447800   0.0000000   0.0000000   0.0000000   1.0000000
Ta    F
      0.6951000   1.0000000   0.0000000
      0.2086000   0.0000000   1.0000000
Ta    G
      0.4780000   1.0000000
# W BASIS SET: (10s,9p,8d,2f,1g) -> [5s,5p,4d,2f,1g]
W    S
     28.3881000   0.0286980  -0.0084840  -0.0018080   0.0138380   0.0000000
     17.7568000  -0.2410370   0.0745440   0.0639220   0.0202260   0.0000000
     11.1120000   0.7152180  -0.2285180  -0.2421830  -0.2093720   0.0000000
      6.9493400  -0.5713300   0.1874400   0.1239880  -0.0130360   0.0000000
      3.8150600  -0.5072560   0.1806120   0.5003090   1.0461320   0.0000000
      1.1124900   0.8128760  -0.3615620  -1.1225650  -3.4415170   0.0000000
      0.5254010   0.5252410  -0.3873630  -0.1993080   3.3512290   0.0000000
      0.1615290   0.0346380   0.2480770   2.3607790   0.1364630   0.0000000
      0.0764090  -0.0129350   0.6828620  -1.1023500  -2.6080750   0.0000000
      0.0326700   0.0000000   0.0000000   0.0000000   0.0000000   1.0000000
W    P
     16.5554000  -0.0252630   0.0071290   0.0109680   0.0221780   0.0000000
     10.3744000   0.1409610  -0.0411130  -0.0640750  -0.1230550   0.0000000
      5.5219000  -0.3299160   0.0996190   0.1564780   0.2995730   0.0000000
      1.2890200   0.5017200  -0.1760570  -0.2790200  -0.7580510   0.0000000
      0.6355960   0.4805660  -0.2167410  -0.3897030  -0.4980530   0.0000000
      0.3096450   0.1689050  -0.0011430   0.1566280   1.7176990   0.0000000
      0.1370120   0.0157270   0.3928970   0.7687580  -0.2467290   0.0000000
      0.0599380   0.0014690   0.5406250   0.2655370  -0.8204790   0.0000000
      0.0258750   0.0000000   0.0000000   0.0000000   0.0000000   1.0000000
W    D
     13.6383000  -0.0026060   0.0025740   0.0068120   0.0000000
      8.5173400   0.0290880  -0.0333260  -0.0594810   0.0000000
      5.3232800  -0.0831780   0.1006620   0.1659640   0.0000000
      1.3931900   0.2105050  -0.3117890  -0.7073810   0.0000000
      0.6543070   0.3794490  -0.5101020  -0.2548900   0.0000000
      0.2943900   0.3825380   0.1043210   1.2651180   0.0000000
      0.1257220   0.2279060   0.6647930  -0.4506990   0.0000000
      0.0497170   0.0000000   0.0000000   0.0000000   1.0000000
W    F
      0.8266000   1.0000000   0.0000000
      0.2560000   0.0000000   1.0000000
W    G
      0.6205000   1.0000000
# Ir BASIS SET: (10s,9p,8d,2f,1g) -> [5s,5p,4d,2f,1g]
Ir    S
     34.2048000   0.0173300  -0.0060010   0.0057000  -0.0001450   0.0000000
     21.3768000  -0.1532030   0.0538850   0.0186860   0.0001550   0.0000000
     13.3624000   0.4419330  -0.1606020  -0.1098820   0.0004580   0.0000000
      8.3483500  -0.1886920   0.0803950  -0.1262300   0.0027310   0.0000000
      4.7316300  -0.7122250   0.2575940   0.7876390  -0.0111600   0.0000000
      1.3078500   0.8529050  -0.4237510  -1.7027670   0.0322630   0.0000000
      0.6243340   0.4997460  -0.3483540   0.4383340  -0.0309800   0.0000000
      0.1938710   0.0352490   0.2800310   2.1004080  -0.0019260   0.0000000
      0.0879490  -0.0070780   0.6545570  -1.2318660   0.0244470   0.0000000
      0.0375390   0.0000000   0.0000000   0.0000000   0.0000000   1.0000000
Ir    P
     20.7204000  -0.0132020   0.0035200   0.0068620   0.0121460   0.0000000
     12.9677000   0.0739520  -0.0215200  -0.0422290  -0.0723020   0.0000000
      5.7222400  -0.2843120   0.0890920   0.1771470   0.3121050   0.0000000
      1.5503800   0.5102230  -0.1924180  -0.4201130  -1.1249840   0.0000000
      0.7826600   0.4795020  -0.2089670  -0.4381970   0.0092840   0.0000000
      0.3855150   0.1697720   0.0046730   0.4034530   1.6533010   0.0000000
      0.1706090   0.0166680   0.3828460   0.7048150  -0.6527860   0.0000000
      0.0728290   0.0012420   0.5399630   0.1692730  -0.6166420   0.0000000
      0.0305710   0.0000000   0.0000000   0.0000000   0.0000000   1.0000000
Ir    D
     91.4125000   0.0000240  -0.0000130  -0.0000080   0.0000000
      9.7301300   0.0152170  -0.0183130   0.0306140   0.0000000
      6.0771200  -0.0657240   0.0780220  -0.1301790   0.0000000
      1.6882000   0.2340050  -0.3254460   0.7766970   0.0000000
      0.8237860   0.3845350  -0.4793950   0.1046450   0.0000000
      0.3820680   0.3558490   0.1391480  -1.0602650   0.0000000
      0.1669650   0.2119760   0.5831340   0.1697160   0.0000000
      0.0672310   0.0000000   0.0000000   0.0000000   1.0000000
Ir    F
      1.1759000   1.0000000   0.0000000
      0.3847000   0.0000000   1.0000000
Ir    G
      0.9577000   1.0000000
# Pt BASIS SET: (10s,9p,8d,2f,1g) -> [5s,5p,4d,2f,1g]
Pt    S
     36.0064000   0.0156030  -0.0056780   0.0070370  -0.0114450   0.0000000
     22.4991000  -0.1396000   0.0507550   0.0105250   0.1220440   0.0000000
     14.0609000   0.3994690  -0.1500300  -0.0854980  -0.3759060   0.0000000
      8.7816100  -0.1277440   0.0639820  -0.1765590   0.0553880   0.0000000
      4.9923800  -0.7514510   0.2704110   0.8567070   1.1335870   0.0000000
      1.3838500   0.8633270  -0.4346570  -1.8442100  -4.2149190   0.0000000
      0.6616170   0.4975940  -0.3372900   0.6011560   4.8759410   0.0000000
      0.2048820   0.0347580   0.2814460   1.9822930  -2.1659360   0.0000000
      0.0922300  -0.0065890   0.6455790  -1.1764800  -0.4268040   0.0000000
      0.0392640   0.0000000   0.0000000   0.0000000   0.0000000   1.0000000
Pt    P
     21.5986000  -0.0125150   0.0029600   0.0067690   0.0116510   0.0000000
     13.5160000   0.0715700  -0.0191100  -0.0429400  -0.0715220   0.0000000
      5.9203700  -0.2872760   0.0838980   0.1894550   0.3259640   0.0000000
      1.6412600   0.5154190  -0.1830090  -0.4606470  -1.2148310   0.0000000
      0.8311310   0.4804610  -0.1878840  -0.4463350   0.1587270   0.0000000
      0.4084300   0.1679960  -0.0017870   0.4896840   1.5953330   0.0000000
      0.1754270   0.0158600   0.3606710   0.6825880  -0.7779330   0.0000000
      0.0726850   0.0007950   0.5449210   0.1279470  -0.5304420   0.0000000
      0.0297610   0.0000000   0.0000000   0.0000000   0.0000000   1.0000000
Pt    D
     72.7562000   0.0000520  -0.0000370  -0.0000260   0.0000000
     10.4742000   0.0126260  -0.0157890   0.0271890   0.0000000
      6.2509000  -0.0632410   0.0782970  -0.1307380   0.0000000
      1.8018500   0.2396470  -0.3582960   0.8378570   0.0000000
      0.8884540   0.3876720  -0.4793250   0.0073940   0.0000000
      0.4156650   0.3517440   0.1884070  -1.0612590   0.0000000
      0.1830800   0.2052900   0.5781450   0.2490050   0.0000000
      0.0742330   0.0000000   0.0000000   0.0000000   1.0000000
Pt    F
      1.3040000   1.0000000   0.0000000
      0.4337000   0.0000000   1.0000000
Pt    G
      1.0772000   1.0000000
# Th pseudopotential correlation consistent polarized valence triple zeta Th
Th s
 1.165490E+04  3.4000000E-05 -2.1000000E-05  1.0000000E-05  2.0000000E-05 -3.0000000E-05  0.0000000E+00
 1.761970E+03  2.3000000E-04 -1.4700000E-04  7.4000000E-05  1.4000000E-04 -1.6800000E-04  0.0000000E+00
 3.925870E+02  7.8800000E-04 -4.6500000E-04  2.2900000E-04  4.5100000E-04 -8.6500000E-04  0.0000000E+00
 8.316750E+01 -2.3090000E-03 -2.1700000E-04  2.9700000E-04  1.9800000E-04  9.0760000E-03  0.0000000E+00
 5.197830E+01  4.1429000E-02 -1.5048000E-02  6.3830000E-03  1.3493000E-02 -6.4537000E-02  0.0000000E+00
 3.248890E+01 -2.7587300E-01  1.3183100E-01 -6.1899000E-02 -1.1949800E-01  2.8943900E-01  0.0000000E+00
 2.031030E+01  8.6633900E-01 -4.6533700E-01  2.2480700E-01  4.3340600E-01 -8.4497900E-01  0.0000000E+00
 1.269640E+01 -8.1490900E-01  4.8549800E-01 -2.3790800E-01 -4.8106100E-01  1.0261460E+00  0.0000000E+00
 7.473940E+00 -5.6566400E-01  3.2376400E-01 -1.6237600E-01 -2.7705800E-01  4.8096000E-02  0.0000000E+00
 3.011940E+00  7.5582000E-01 -5.9423700E-01  3.1280000E-01  6.3042900E-01 -4.8605200E-01  0.0000000E+00
 1.741450E+00  6.1899300E-01 -7.7500200E-01  4.2950800E-01  1.2196090E+00 -3.2866490E+00  0.0000000E+00
 9.681130E-01  1.1515600E-01  1.3697200E-01 -9.1456000E-02 -1.1517100E+00  5.6959530E+00  0.0000000E+00
 4.763580E-01  2.9708000E-02  8.0709000E-01 -6.1264800E-01 -1.9197360E+00 -1.7638530E+00  0.0000000E+00
 2.344270E-01  1.2145000E-02  3.4918500E-01 -4.0771400E-01  1.7625570E+00 -2.2572590E+00  0.0000000E+00
 7.300600E-02  1.2300000E-03  8.2429000E-02  3.7333600E-01  1.2580040E+00  3.2634700E+00  0.0000000E+00
 3.766000E-02  8.7000000E-04  1.0342300E-01  6.2932100E-01 -1.1152690E+00 -1.3410290E+00  0.0000000E+00
 1.791600E-02  4.2400000E-04  4.0323000E-02  2.2878000E-01 -3.6107800E-01 -5.7373600E-01  1.0000000E+00
Th p
 8.945700E+02  5.0000000E-05 -2.7000000E-05  7.0000000E-06  2.0000000E-05  4.1000000E-05  0.0000000E+00
 2.134040E+02  3.0100000E-04 -1.9300000E-04  5.1000000E-05  1.1600000E-04  1.7100000E-04  0.0000000E+00
 5.711660E+01  1.9220000E-03 -8.4400000E-04  2.1400000E-04  7.6300000E-04  1.8880000E-03  0.0000000E+00
 2.629910E+01 -2.7936000E-02  1.2559000E-02 -3.1720000E-03 -1.0263000E-02 -2.3749000E-02  0.0000000E+00
 1.643770E+01  1.9437200E-01 -1.0186100E-01  2.6386000E-02  7.6696000E-02  1.6243300E-01  0.0000000E+00
 1.027580E+01 -3.8829700E-01  2.3220700E-01 -6.1547000E-02 -1.8118800E-01 -3.9773300E-01  0.0000000E+00
 6.423700E+00 -1.2117300E-01  2.9549000E-02 -5.6380000E-03  1.6616000E-02  1.3342900E-01  0.0000000E+00
 3.445060E+00  4.7594000E-01 -3.0082200E-01  7.9598000E-02  1.7179500E-01  2.2276300E-01  0.0000000E+00
 1.970360E+00  5.4378500E-01 -4.2444700E-01  1.2056000E-01  3.9657000E-01  9.9787000E-01  0.0000000E+00
 1.100720E+00  2.0053700E-01 -2.7403000E-02 -9.2600000E-04 -1.1002900E-01 -8.1299400E-01  0.0000000E+00
 5.753280E-01  3.6822000E-02  4.6949700E-01 -1.5960900E-01 -6.3742100E-01 -1.5702910E+00  0.0000000E+00
 3.041520E-01  1.7940000E-02  5.0487900E-01 -2.2909300E-01 -2.8753800E-01  1.3583060E+00  0.0000000E+00
 1.569400E-01  6.8330000E-03  2.0010200E-01 -8.1502000E-02  4.1062500E-01  8.5071000E-01  0.0000000E+00
 6.943700E-02  7.2500000E-04  2.3644000E-02  3.5499600E-01  6.7205000E-01 -8.2479500E-01  0.0000000E+00
 3.275900E-02  4.0000000E-06  2.4900000E-04  5.8522200E-01  1.4345500E-01 -2.9260800E-01  0.0000000E+00
 1.516700E-02  1.1000000E-05  3.7100000E-04  2.1982500E-01  8.2510000E-03 -3.3820000E-03  1.0000000E+00
Th d
 1.680010E+02  1.9200000E-04 -4.2000000E-05 -3.0000000E-06 -2.7000000E-04  0.0000000E+00
 5.594150E+01  9.4400000E-04 -4.2200000E-04 -1.2250000E-03  2.9470000E-03  0.0000000E+00
 1.519070E+01  3.1016000E-02 -8.1530000E-03 -1.1942000E-02 -1.3970000E-03  0.0000000E+00
 9.501130E+00 -1.1970300E-01  3.4891000E-02  6.3057000E-02 -5.1667000E-02  0.0000000E+00
 3.532960E+00  3.3763000E-01 -1.2086300E-01 -2.2972300E-01  2.5493500E-01  0.0000000E+00
 1.927530E+00  4.8268200E-01 -1.6182400E-01 -4.4275200E-01  9.4467000E-01  0.0000000E+00
 1.004190E+00  2.7522500E-01 -4.7840000E-02  1.5882200E-01 -1.6657290E+00  0.0000000E+00
 4.893260E-01  5.5995000E-02  2.4402000E-01  9.6962100E-01  1.6101800E-01  0.0000000E+00
 2.165230E-01  1.7020000E-03  4.6412900E-01 -1.3577000E-01  1.2319130E+00  0.0000000E+00
 9.150900E-02  3.1400000E-04  3.8885600E-01 -5.7193900E-01 -7.4424400E-01  0.0000000E+00
 3.696100E-02 -1.1000000E-04  1.2182200E-01 -1.5907500E-01 -2.5228900E-01  1.0000000E+00
Th f
 5.953420E+01  7.9100000E-04 -7.8000000E-04 -1.8580000E-03  0.0000000E+00
 2.069340E+01  6.2420000E-03 -5.7090000E-03 -8.5670000E-03  0.0000000E+00
 8.687300E+00  2.1539000E-02 -2.1577000E-02 -4.8340000E-02  0.0000000E+00
 3.746820E+00  1.2436600E-01 -1.1982200E-01 -2.1402100E-01  0.0000000E+00
 1.923850E+00  2.5943500E-01 -2.0297100E-01 -6.3890800E-01  0.0000000E+00
 9.646600E-01  3.1931900E-01 -3.9953200E-01  2.2303200E-01  0.0000000E+00
 4.669300E-01  2.9851500E-01  5.7581000E-02  8.0986200E-01  0.0000000E+00
 2.159960E-01  2.2513900E-01  4.7515900E-01 -1.5588700E-01  0.0000000E+00
 9.358800E-02  1.2582100E-01  3.8465200E-01 -3.6291500E-01  0.0000000E+00
 3.698900E-02  3.8290000E-02  1.3901100E-01 -1.5759500E-01  1.0000000E+00
Th g
 1.905300E+00  1.0000000E+00  0.0000000E+00  0.0000000E+00
 6.637000E-01  0.0000000E+00  1.0000000E+00  0.0000000E+00
 1.646000E-01  0.0000000E+00  0.0000000E+00  1.0000000E+00
Th h
 8.951000E-01  1.0000000E+00
# Au BASIS SET: (10s,9p,8d,2f,1g) -> [5s,5p,4d,2f,1g]
Au    S
     36.0126000   0.0190290  -0.0067770   0.0039090  -0.0119140
     22.5645000  -0.1678000   0.0600080   0.0337600   0.1330690
     14.1620000   0.4966770  -0.1833280  -0.1660600  -0.4342870
      8.8548700  -0.2662560   0.1147190  -0.0517890   0.1701570
      5.0607200  -0.6998980   0.2488220   0.7950230   1.0647560
      1.4740500   0.8731080  -0.4376710  -1.8059270  -4.0055360
      0.7049130   0.5025820  -0.3311080   0.5612390   4.4028320
      0.2177870   0.0321960   0.2741810   1.8784270  -1.4321630
      0.0974080  -0.0055030   0.6377380  -0.9692290  -1.1432550
Au    S
      0.0412140   1.0000000
Au    P
     21.5954000  -0.0132180   0.0030800   0.0070860   0.0129200
     13.5145000   0.0801960  -0.0214060  -0.0474930  -0.0820290
      6.2551400  -0.2966860   0.0867760   0.1918930   0.3386190
      1.7181400   0.5289590  -0.1897740  -0.4636370  -1.2549920
      0.8694390   0.4788890  -0.1858350  -0.4351380   0.2258130
      0.4267590   0.1576200   0.0047800   0.4944030   1.5758790
      0.1842970   0.0138970   0.3638360   0.6751140  -0.8043540
      0.0763790   0.0008350   0.5417640   0.1315360  -0.5073130
Au    P
      0.0312200   1.0000000
Au    D
     87.0208000   0.0000440  -0.0000310  -0.0000440
     11.0668000   0.0142880  -0.0199590   0.0350830
      6.6604700  -0.0688760   0.0953200  -0.1619420
      1.9469600   0.2395590  -0.4213430   1.0421550
      0.9847060   0.3873230  -0.5069330  -0.2648650
      0.4746550   0.3487560   0.2854660  -1.1163050
      0.2165580   0.1984920   0.5825650   0.5457620
Au    D
      0.0914720   1.0000000
Au    F
      1.4385000   1.0000000
Au    F
      0.4878000   1.0000000
Au    G
      1.2257000   1.0000000
# I BASIS SET: (12s,11p,9d,1f) -> [5s,4p,3d,1f]
I    S
      5.546500E+03   1.560000E-04  -7.300000E-05   0.000000E+00   0.000000E+00   0.000000E+00
      8.382140E+02   9.860000E-04  -5.080000E-04   0.000000E+00   0.000000E+00   0.000000E+00
      1.821870E+02   2.792000E-03  -1.158000E-03   0.000000E+00   0.000000E+00   0.000000E+00
      3.121230E+01  -4.325100E-02   1.219300E-02   0.000000E+00   0.000000E+00   0.000000E+00
      1.953140E+01   2.341340E-01  -8.785400E-02   0.000000E+00   0.000000E+00   0.000000E+00
      8.240990E+00  -7.509430E-01   3.382000E-01   0.000000E+00   0.000000E+00   0.000000E+00
      2.194550E+00   8.829680E-01  -5.765500E-01   0.000000E+00   0.000000E+00   0.000000E+00
      1.109110E+00   4.620610E-01  -4.092980E-01   0.000000E+00   0.000000E+00   0.000000E+00
      3.746410E-01   2.228600E-02   5.674590E-01   1.000000E+00   0.000000E+00   0.000000E+00
      1.770800E-01  -4.353000E-03   6.124890E-01   0.000000E+00   1.000000E+00   0.000000E+00
      8.106100E-02   1.102000E-03   1.432310E-01   0.000000E+00   0.000000E+00   0.000000E+00
      1.001000E-01   0.000000E+00   0.000000E+00   0.000000E+00   0.000000E+00   1.000000E+00
I    P
      1.889880E+02   5.850000E-04  -2.560000E-04   0.000000E+00   0.000000E+00
      2.128680E+01   3.692300E-02  -1.168200E-02   0.000000E+00   0.000000E+00
      1.003960E+01  -2.353240E-01   8.319200E-02   0.000000E+00   0.000000E+00
      3.451800E+00   3.414830E-01  -1.569700E-01   0.000000E+00   0.000000E+00
      1.974560E+00   5.347880E-01  -2.245180E-01   0.000000E+00   0.000000E+00
      1.024200E+00   2.651410E-01  -1.144510E-01   0.000000E+00   0.000000E+00
      4.494370E-01   2.578700E-02   3.753560E-01   0.000000E+00   0.000000E+00
      1.866480E-01   5.220000E-04   5.751360E-01   0.000000E+00   0.000000E+00
      7.348100E-02   6.060000E-04   2.459170E-01   0.000000E+00   0.000000E+00
      5.981000E-01   0.000000E+00   0.000000E+00   1.000000E+00   0.000000E+00
      9.618000E-02   0.000000E+00   0.000000E+00   0.000000E+00   1.000000E+00
I    D
      1.326620E+02   5.720000E-04   0.000000E+00   0.000000E+00
      3.760540E+01   4.402000E-03   0.000000E+00   0.000000E+00
      1.038910E+01  -4.092200E-02   0.000000E+00   0.000000E+00
      6.490170E+00   9.966100E-02   0.000000E+00   0.000000E+00
      3.454510E+00   3.226630E-01   0.000000E+00   0.000000E+00
      1.844130E+00   4.003430E-01   0.000000E+00   0.000000E+00
      9.624780E-01   2.683060E-01   0.000000E+00   0.000000E+00
      4.728530E-01   8.484700E-02   1.000000E+00   0.000000E+00
      1.932000E-01   7.632000E-03   0.000000E+00   1.000000E+00
I    F
      4.064000E-01   1.000000E+00
# Hg BASIS SET: (10s,9p,8d,2f,1g) -> [5s,5p,4d,2f,1g]
Hg    S
     98.3058000   0.0010330  -0.0003560  -0.0002170  -0.0020930   0.0000000
     19.6406000  -0.1063820   0.0379090  -0.0440670   0.1557830   0.0000000
     12.3397000   0.5320730  -0.2000130   0.2876950  -0.7951410   0.0000000
      7.7478200  -0.5223240   0.2240930  -0.1894760   0.9970540   0.0000000
      4.8629100  -0.5373210   0.1793740  -0.7807040   0.5928610   0.0000000
      1.5771900   0.8847880  -0.4508330   2.1756040  -4.4071970   0.0000000
      0.7529260   0.5138340  -0.3390550  -0.8865840   5.2898370   0.0000000
      0.2351120   0.0294070   0.2934140  -1.8749170  -2.8866330   0.0000000
      0.1039680  -0.0061590   0.6446280   1.2470530   0.3158740   0.0000000
      0.0434000   0.0013840   0.2916260   0.3523510   0.8226100   1.0000000
Hg    P
     21.4065000  -0.0128370   0.0026690   0.0061400   0.0130140   0.0000000
     13.3929000   0.0865310  -0.0218770  -0.0480560  -0.0890970   0.0000000
      6.5102100  -0.3080410   0.0865390   0.1891060   0.3480200   0.0000000
      1.8222200   0.5327940  -0.1847680  -0.4381190  -1.2184470   0.0000000
      0.9265070   0.4822070  -0.1773950  -0.4321930   0.1232280   0.0000000
      0.4550820   0.1546950   0.0009770   0.4570570   1.6284380   0.0000000
      0.1927600   0.0132010   0.3536030   0.6953570  -0.7824510   0.0000000
      0.0786890   0.0005850   0.5435820   0.1420160  -0.5112540   0.0000000
      0.0317290   0.0000200   0.2455390   0.0020300   0.0165110   1.0000000
Hg    D
     86.9881000   0.0000580   0.0000500  -0.0000430   0.0000000
     11.9913000   0.0127790   0.0192460   0.0337600   0.0000000
      6.9364800  -0.0689630  -0.1034870  -0.1746100   0.0000000
      2.0864100   0.2415630   0.4847690   1.2017020   0.0000000
      1.0766400   0.3878580   0.5069510  -0.5030930   0.0000000
      0.5311530   0.3454410  -0.3625720  -1.1299990   0.0000000
      0.2488080   0.1915090  -0.5729800   0.7749310   0.0000000
      0.1081700   0.0465020  -0.1666370   0.3655340   1.0000000
Hg    F
      1.5814000   1.0000000   0.0000000
      0.5423000   0.0000000   1.0000000
Hg    G
      1.3737000   1.0000000
# Hf BASIS SET: (10s,9p,8d,2f,1g) -> [5s,5p,4d,2f,1g]
Hf    S
     26.5042000   0.0320170  -0.0092200  -0.0051870   0.0266200   0.0000000
     16.5840000  -0.2583380   0.0766750   0.0780690  -0.0510920   0.0000000
     10.3831000   0.7419580  -0.2256410  -0.2633410  -0.0133860   0.0000000
      6.4955000  -0.5972460   0.1855680   0.1631730  -0.2493960   0.0000000
      3.4643100  -0.4674330   0.1565490   0.4121450   1.1377230   0.0000000
      0.9862000   0.7814380  -0.3114170  -0.9279190  -3.2919740   0.0000000
      0.4578280   0.5337560  -0.3945230  -0.3552850   3.0952960   0.0000000
      0.1321180   0.0363800   0.2034830   2.5901110   0.5233810   0.0000000
      0.0669670  -0.0136480   0.6862960  -1.2877130  -2.9817690   0.0000000
      0.0290100   0.0000000   0.0000000   0.0000000   0.0000000   1.0000000
Hf    P
     15.2724000  -0.0249160   0.0066140   0.0094170   0.0190460   0.0000000
      9.5703500   0.1349670  -0.0369260  -0.0530870  -0.1039530   0.0000000
      5.0361800  -0.3145280   0.0887770   0.1282870   0.2510270   0.0000000
      1.1521500   0.4766040  -0.1514170  -0.2170080  -0.5289630   0.0000000
      0.5624010   0.4841910  -0.2041520  -0.3251220  -0.8006570   0.0000000
      0.2742040   0.1844940  -0.0401350  -0.0046510   1.6510980   0.0000000
      0.1205050   0.0186390   0.3663260   0.7343430   0.1195080   0.0000000
      0.0528120   0.0015040   0.5626960   0.3849980  -0.9590230   0.0000000
      0.0228910   0.0000000   0.0000000   0.0000000   0.0000000   1.0000000
Hf    D
     11.9756000  -0.0014780   0.0012390  -0.0031330   0.0000000
      7.4799800   0.0187080  -0.0202160   0.0334770   0.0000000
      4.6738300  -0.0580870   0.0669450  -0.1038090   0.0000000
      1.1750300   0.1823340  -0.2392560   0.4716820   0.0000000
      0.5283500   0.3486640  -0.4736770   0.5191890   0.0000000
      0.2277570   0.3933500  -0.0843030  -1.0917460   0.0000000
      0.0941690   0.2772230   0.6333300   0.0084120   0.0000000
      0.0366310   0.0000000   0.0000000   0.0000000   1.0000000
Hf    F
      0.5521000   1.0000000   0.0000000
      0.1605000   0.0000000   1.0000000
Hf    G
      0.3579000   1.0000000
